==================================================================================
gen|  eval  |    f_opt    |    f_max    |    f_avg    |    f_min    |    f_std    
----------------------------------------------------------------------------------
 8 |  900   | -3.39417E+10| -6.87923E+09| -1.93216E+10| -3.39417E+10| 9.99397E+09 
 9 |  1000  | -3.39417E+10| -6.87923E+09| -1.93216E+10| -3.39417E+10| 9.99397E+09 
 10|  1100  | -3.39417E+10| -6.87923E+09| -1.93216E+10| -3.39417E+10| 9.99397E+09 
 11|  1200  | -3.39417E+10| -6.87923E+09| -1.79520E+10| -3.39417E+10| 8.63533E+09 
 12|  1300  | -3.39417E+10| -4.83310E+09| -1.51714E+10| -3.39417E+10| 8.28956E+09 
 13|  1400  | -3.39417E+10| -4.83310E+09| -1.51758E+10| -3.39417E+10| 7.65056E+09 
 14|  1500  | -3.87522E+10| -4.83310E+09| -1.75570E+10| -3.87522E+10| 8.56575E+09 
 15|  1600  | -3.87522E+10| -1.47390E+09| -1.74707E+10| -3.87522E+10| 8.87672E+09 
 16|  1700  | -3.87522E+10| -1.47390E+09| -1.73396E+10| -3.87522E+10| 8.42123E+09 
 17|  1800  | -3.87522E+10| -9.38554E+08| -1.67820E+10| -3.87522E+10| 8.77140E+09 
 18|  1900  | -3.87522E+10| -9.38554E+08| -1.74590E+10| -3.87522E+10| 8.44496E+09 
 19|  2000  | -3.87522E+10| -9.38554E+08| -1.72026E+10| -3.87522E+10| 7.90480E+09 
 20|  2100  | -4.09752E+10| -9.38554E+08| -1.86131E+10| -4.09752E+10| 8.60001E+09 
 21|  2200  | -4.09752E+10| -9.38554E+08| -1.90937E+10| -4.09752E+10| 8.99612E+09 
 22|  2300  | -4.09752E+10| -9.38554E+08| -1.97233E+10| -4.09752E+10| 9.08709E+09 
 23|  2400  | -4.09752E+10| -9.38554E+08| -1.96060E+10| -4.09752E+10| 9.07921E+09 
 24|  2500  | -4.23364E+10| -9.38554E+08| -1.98723E+10| -4.23364E+10| 9.30336E+09 
 25|  2600  | -4.23364E+10| -9.38554E+08| -2.06511E+10| -4.23364E+10| 9.29401E+09 
 26|  2700  | -4.58195E+10| -9.38554E+08| -2.24023E+10| -4.58195E+10| 9.44268E+09 
 27|  2800  | -4.58195E+10| -9.38554E+08| -2.30378E+10| -4.58195E+10| 9.49021E+09 
 28|  2900  | -4.58195E+10| -9.38554E+08| -2.39710E+10| -4.58195E+10| 9.60297E+09 
 29|  3000  | -4.58195E+10| -9.38554E+08| -2.45235E+10| -4.58195E+10| 9.77964E+09 
 30|  3100  | -4.58195E+10| -9.38554E+08| -2.50907E+10| -4.58195E+10| 1.01458E+10 
 31|  3200  | -4.58195E+10| -9.38554E+08| -2.55860E+10| -4.58195E+10| 1.02072E+10 
 32|  3300  | -5.02795E+10| -3.01390E+09| -2.68235E+10| -5.02795E+10| 1.02708E+10 
 33|  3400  | -5.02795E+10| -3.01390E+09| -2.77319E+10| -5.02795E+10| 1.03071E+10 
 34|  3500  | -5.02795E+10| -3.01390E+09| -2.94790E+10| -5.02795E+10| 1.03059E+10 
 35|  3600  | -5.11526E+10| -3.01390E+09| -3.02956E+10| -5.11526E+10| 1.07835E+10 
 36|  3700  | -5.34828E+10| -3.01390E+09| -3.06560E+10| -5.34828E+10| 1.09365E+10 
 37|  3800  | -5.77740E+10| -3.01390E+09| -3.17001E+10| -5.77740E+10| 1.17258E+10 
 38|  3900  | -5.77740E+10| -3.01390E+09| -3.28942E+10| -5.77740E+10| 1.15349E+10 
 39|  4000  | -5.77740E+10| -3.01390E+09| -3.34173E+10| -5.77740E+10| 1.16994E+10 
 40|  4100  | -5.77740E+10| -3.01390E+09| -3.40279E+10| -5.77740E+10| 1.17938E+10 
 41|  4200  | -5.77740E+10| -3.01390E+09| -3.53018E+10| -5.77740E+10| 1.19775E+10 
 42|  4300  | -5.77740E+10| -3.01390E+09| -3.59164E+10| -5.77740E+10| 1.20447E+10 
 43|  4400  | -5.77740E+10| -3.01390E+09| -3.66687E+10| -5.77740E+10| 1.21078E+10 
 44|  4500  | -5.77740E+10| -3.01390E+09| -3.65738E+10| -5.77740E+10| 1.22470E+10 
 45|  4600  | -5.77740E+10| -3.01390E+09| -3.69509E+10| -5.77740E+10| 1.22866E+10 
 46|  4700  | -5.77740E+10| -3.01390E+09| -3.73626E+10| -5.77740E+10| 1.22698E+10 
 47|  4800  | -5.77740E+10| -3.01390E+09| -3.80108E+10| -5.77740E+10| 1.19805E+10 
 48|  4900  | -5.77740E+10| -3.01390E+09| -3.82453E+10| -5.77740E+10| 1.20866E+10 
 49|  5000  | -5.77740E+10| -3.01390E+09| -3.94198E+10| -5.77740E+10| 1.20029E+10 
 50|  5100  | -5.77740E+10| -3.01390E+09| -4.05353E+10| -5.77740E+10| 1.18341E+10 
 51|  5200  | -5.77740E+10| -3.01390E+09| -4.13430E+10| -5.77740E+10| 1.16972E+10 
 52|  5300  | -5.77740E+10| -3.01390E+09| -4.22560E+10| -5.77740E+10| 1.12214E+10 
 53|  5400  | -5.77740E+10| -3.01390E+09| -4.26187E+10| -5.77740E+10| 1.13733E+10 
 54|  5500  | -5.80676E+10| -3.01390E+09| -4.34055E+10| -5.80676E+10| 1.15810E+10 
 55|  5600  | -5.80676E+10| -6.49925E+09| -4.44441E+10| -5.80676E+10| 1.10835E+10 
 56|  5700  | -5.80676E+10| -6.49925E+09| -4.56276E+10| -5.80676E+10| 1.00610E+10 
 57|  5800  | -5.80676E+10| -6.49925E+09| -4.63732E+10| -5.80676E+10| 1.00837E+10 
 58|  5900  | -5.80676E+10| -6.49925E+09| -4.67850E+10| -5.80676E+10| 1.01784E+10 
 59|  6000  | -5.80676E+10| -6.49925E+09| -4.79735E+10| -5.80676E+10| 8.87398E+09 
 60|  6100  | -5.80676E+10| -6.49925E+09| -4.82594E+10| -5.80676E+10| 8.89687E+09 
 61|  6200  | -5.80676E+10| -6.49925E+09| -4.87779E+10| -5.80676E+10| 8.49768E+09 
 62|  6300  | -5.81108E+10| -6.49925E+09| -4.93455E+10| -5.81108E+10| 8.38925E+09 
 63|  6400  | -5.81108E+10| -6.49925E+09| -4.96428E+10| -5.81108E+10| 8.30291E+09 
 64|  6500  | -5.81108E+10| -6.49925E+09| -5.06415E+10| -5.81108E+10| 7.81586E+09 
 65|  6600  | -5.81108E+10| -6.49925E+09| -5.11548E+10| -5.81108E+10| 7.80099E+09 
 66|  6700  | -5.81108E+10| -6.49925E+09| -5.18169E+10| -5.81108E+10| 7.66775E+09 
 67|  6800  | -5.81108E+10| -6.49925E+09| -5.19636E+10| -5.81108E+10| 7.67495E+09 
 68|  6900  | -5.81108E+10| -6.49925E+09| -5.22826E+10| -5.81108E+10| 7.51587E+09 
 69|  7000  | -5.81108E+10| -6.49925E+09| -5.27539E+10| -5.81108E+10| 7.41946E+09 
 70|  7100  | -5.81108E+10| -6.49925E+09| -5.32554E+10| -5.81108E+10| 6.92279E+09 
 71|  7200  | -5.81108E+10| -6.49925E+09| -5.36612E+10| -5.81108E+10| 6.61569E+09 
 72|  7300  | -5.81108E+10| -2.77615E+10| -5.45452E+10| -5.81108E+10| 4.34058E+09 
 73|  7400  | -5.81108E+10| -2.77615E+10| -5.47739E+10| -5.81108E+10| 4.28509E+09 
 74|  7500  | -5.81108E+10| -2.77615E+10| -5.50305E+10| -5.81108E+10| 4.30706E+09 
 75|  7600  | -5.81108E+10| -2.77615E+10| -5.50770E+10| -5.81108E+10| 4.32670E+09 
 76|  7700  | -5.81108E+10| -2.77615E+10| -5.51701E+10| -5.81108E+10| 4.35567E+09 
 77|  7800  | -5.81108E+10| -3.93645E+10| -5.57104E+10| -5.81108E+10| 3.18657E+09 
 78|  7900  | -5.82788E+10| -3.93645E+10| -5.59702E+10| -5.82788E+10| 3.20042E+09 
 79|  8000  | -5.82788E+10| -4.35225E+10| -5.62745E+10| -5.82788E+10| 2.70792E+09 
 80|  8100  | -5.82788E+10| -4.35225E+10| -5.62760E+10| -5.82788E+10| 2.70877E+09 
 81|  8200  | -5.82788E+10| -4.35225E+10| -5.65116E+10| -5.82788E+10| 2.52271E+09 
 82|  8300  | -5.82788E+10| -4.35225E+10| -5.65886E+10| -5.82788E+10| 2.53123E+09 
 83|  8400  | -5.82788E+10| -4.35225E+10| -5.67384E+10| -5.82788E+10| 2.43949E+09 
 84|  8500  | -5.82788E+10| -4.69607E+10| -5.70717E+10| -5.82788E+10| 1.78991E+09 
 85|  8600  | -5.82813E+10| -4.69607E+10| -5.71485E+10| -5.82813E+10| 1.79521E+09 
 86|  8700  | -5.82813E+10| -4.69607E+10| -5.71637E+10| -5.82813E+10| 1.79126E+09 
 87|  8800  | -5.82813E+10| -4.69607E+10| -5.72582E+10| -5.82813E+10| 1.75286E+09 
 88|  8900  | -5.83222E+10| -4.69607E+10| -5.73350E+10| -5.83222E+10| 1.72445E+09 
 89|  9000  | -5.83321E+10| -4.69607E+10| -5.73795E+10| -5.83321E+10| 1.71052E+09 
 90|  9100  | -5.83321E+10| -4.69607E+10| -5.75008E+10| -5.83321E+10| 1.67785E+09 
 91|  9200  | -5.83321E+10| -4.69607E+10| -5.76215E+10| -5.83321E+10| 1.34735E+09 
 92|  9300  | -5.83321E+10| -4.69607E+10| -5.76385E+10| -5.83321E+10| 1.35066E+09 
 93|  9400  | -5.83321E+10| -4.69607E+10| -5.76733E+10| -5.83321E+10| 1.35537E+09 
 94|  9500  | -5.83321E+10| -4.69607E+10| -5.76762E+10| -5.83321E+10| 1.35615E+09 
 95|  9600  | -5.83321E+10| -4.69607E+10| -5.77208E+10| -5.83321E+10| 1.34314E+09 
 96|  9700  | -5.83764E+10| -4.69607E+10| -5.77844E+10| -5.83764E+10| 1.31030E+09 
 97|  9800  | -5.83805E+10| -4.69607E+10| -5.78039E+10| -5.83805E+10| 1.31338E+09 
 98|  9900  | -5.83805E+10| -4.69607E+10| -5.78329E+10| -5.83805E+10| 1.31516E+09 
 99| 10000  | -5.83805E+10| -5.18764E+10| -5.79542E+10| -5.83805E+10| 7.34705E+08 
100| 10100  | -5.83805E+10| -5.18764E+10| -5.79760E+10| -5.83805E+10| 7.31932E+08 
101| 10200  | -5.83831E+10| -5.18764E+10| -5.79929E+10| -5.83831E+10| 7.35830E+08 
102| 10300  | -5.83986E+10| -5.18764E+10| -5.80163E+10| -5.83986E+10| 7.33796E+08 
103| 10400  | -5.83986E+10| -5.18764E+10| -5.80405E+10| -5.83986E+10| 7.31503E+08 
104| 10500  | -5.84016E+10| -5.18764E+10| -5.80526E+10| -5.84016E+10| 7.35028E+08 
105| 10600  | -5.84016E+10| -5.18764E+10| -5.81038E+10| -5.84016E+10| 6.91697E+08 
106| 10700  | -5.84016E+10| -5.18764E+10| -5.81120E+10| -5.84016E+10| 6.92209E+08 
107| 10800  | -5.84033E+10| -5.64792E+10| -5.81938E+10| -5.84033E+10| 2.95018E+08 
108| 10900  | -5.84033E+10| -5.64792E+10| -5.82008E+10| -5.84033E+10| 2.94549E+08 
109| 11000  | -5.84033E+10| -5.64792E+10| -5.82129E+10| -5.84033E+10| 2.70776E+08 
110| 11100  | -5.84033E+10| -5.64792E+10| -5.82226E+10| -5.84033E+10| 2.63782E+08 
111| 11200  | -5.84051E+10| -5.64792E+10| -5.82321E+10| -5.84051E+10| 2.65326E+08 
112| 11300  | -5.84051E+10| -5.64792E+10| -5.82430E+10| -5.84051E+10| 2.60275E+08 
113| 11400  | -5.84051E+10| -5.72813E+10| -5.82753E+10| -5.84051E+10| 1.76555E+08 
114| 11500  | -5.84082E+10| -5.72813E+10| -5.82851E+10| -5.84082E+10| 1.74556E+08 
115| 11600  | -5.84232E+10| -5.72813E+10| -5.82947E+10| -5.84232E+10| 1.74493E+08 
116| 11700  | -5.84232E+10| -5.72813E+10| -5.82992E+10| -5.84232E+10| 1.76070E+08 
117| 11800  | -5.84232E+10| -5.72813E+10| -5.83029E+10| -5.84232E+10| 1.76978E+08 
118| 11900  | -5.84232E+10| -5.74936E+10| -5.83196E+10| -5.84232E+10| 1.41303E+08 
119| 12000  | -5.84232E+10| -5.74936E+10| -5.83215E+10| -5.84232E+10| 1.41488E+08 
120| 12100  | -5.84232E+10| -5.74936E+10| -5.83231E+10| -5.84232E+10| 1.42142E+08 
121| 12200  | -5.84259E+10| -5.74936E+10| -5.83351E+10| -5.84259E+10| 1.28781E+08 
122| 12300  | -5.84259E+10| -5.74936E+10| -5.83404E+10| -5.84259E+10| 1.27650E+08 
123| 12400  | -5.84259E+10| -5.74936E+10| -5.83438E+10| -5.84259E+10| 1.26515E+08 
124| 12500  | -5.84259E+10| -5.74936E+10| -5.83500E+10| -5.84259E+10| 1.24377E+08 
125| 12600  | -5.84259E+10| -5.74936E+10| -5.83520E+10| -5.84259E+10| 1.24785E+08 
126| 12700  | -5.84266E+10| -5.74936E+10| -5.83536E+10| -5.84266E+10| 1.25302E+08 
127| 12800  | -5.84266E+10| -5.74936E+10| -5.83586E+10| -5.84266E+10| 1.25805E+08 
128| 12900  | -5.84285E+10| -5.74936E+10| -5.83665E+10| -5.84285E+10| 1.23018E+08 
129| 13000  | -5.84285E+10| -5.74936E+10| -5.83682E+10| -5.84285E+10| 1.22992E+08 
130| 13100  | -5.84285E+10| -5.78752E+10| -5.83789E+10| -5.84285E+10| 8.64477E+07 
131| 13200  | -5.84285E+10| -5.78752E+10| -5.83804E+10| -5.84285E+10| 8.64853E+07 
132| 13300  | -5.84285E+10| -5.78752E+10| -5.83809E+10| -5.84285E+10| 8.66686E+07 
133| 13400  | -5.84285E+10| -5.78752E+10| -5.83828E+10| -5.84285E+10| 8.41400E+07 
134| 13500  | -5.84285E+10| -5.78752E+10| -5.83857E+10| -5.84285E+10| 8.29537E+07 
135| 13600  | -5.84285E+10| -5.78752E+10| -5.83893E+10| -5.84285E+10| 8.05785E+07 
136| 13700  | -5.84285E+10| -5.78752E+10| -5.83915E+10| -5.84285E+10| 8.04732E+07 
137| 13800  | -5.84285E+10| -5.78752E+10| -5.83929E+10| -5.84285E+10| 8.06406E+07 
138| 13900  | -5.84285E+10| -5.78752E+10| -5.83947E+10| -5.84285E+10| 8.07346E+07 
139| 14000  | -5.84285E+10| -5.78752E+10| -5.83983E+10| -5.84285E+10| 7.58533E+07 
140| 14100  | -5.84285E+10| -5.78752E+10| -5.83988E+10| -5.84285E+10| 7.59274E+07 
141| 14200  | -5.84285E+10| -5.78752E+10| -5.83993E+10| -5.84285E+10| 7.60405E+07 
142| 14300  | -5.84285E+10| -5.78752E+10| -5.84009E+10| -5.84285E+10| 6.93319E+07 
143| 14400  | -5.84285E+10| -5.78752E+10| -5.84011E+10| -5.84285E+10| 6.93713E+07 
144| 14500  | -5.84285E+10| -5.78752E+10| -5.84016E+10| -5.84285E+10| 6.94867E+07 
145| 14600  | -5.84285E+10| -5.78752E+10| -5.84018E+10| -5.84285E+10| 6.95166E+07 
146| 14700  | -5.84285E+10| -5.78752E+10| -5.84056E+10| -5.84285E+10| 6.56580E+07 
147| 14800  | -5.84285E+10| -5.78752E+10| -5.84061E+10| -5.84285E+10| 6.57253E+07 
148| 14900  | -5.84285E+10| -5.78752E+10| -5.84065E+10| -5.84285E+10| 6.58098E+07 
149| 15000  | -5.84290E+10| -5.78752E+10| -5.84071E+10| -5.84290E+10| 6.59288E+07 
150| 15100  | -5.84291E+10| -5.78752E+10| -5.84089E+10| -5.84291E+10| 6.42123E+07 
151| 15200  | -5.84291E+10| -5.78752E+10| -5.84093E+10| -5.84291E+10| 6.42389E+07 
152| 15300  | -5.84291E+10| -5.78752E+10| -5.84097E+10| -5.84291E+10| 6.42004E+07 
153| 15400  | -5.84291E+10| -5.78752E+10| -5.84102E+10| -5.84291E+10| 6.41477E+07 
154| 15500  | -5.84291E+10| -5.81036E+10| -5.84157E+10| -5.84291E+10| 3.50008E+07 
155| 15600  | -5.84291E+10| -5.81036E+10| -5.84167E+10| -5.84291E+10| 3.43274E+07 
156| 15700  | -5.84292E+10| -5.81036E+10| -5.84172E+10| -5.84292E+10| 3.42106E+07 
157| 15800  | -5.84292E+10| -5.83375E+10| -5.84208E+10| -5.84292E+10| 1.26189E+07 
158| 15900  | -5.84292E+10| -5.83375E+10| -5.84208E+10| -5.84292E+10| 1.26270E+07 
159| 16000  | -5.84292E+10| -5.83375E+10| -5.84214E+10| -5.84292E+10| 1.24354E+07 
160| 16100  | -5.84292E+10| -5.83375E+10| -5.84217E+10| -5.84292E+10| 1.24673E+07 
161| 16200  | -5.84292E+10| -5.83375E+10| -5.84220E+10| -5.84292E+10| 1.24916E+07 
162| 16300  | -5.84292E+10| -5.83375E+10| -5.84222E+10| -5.84292E+10| 1.25206E+07 
163| 16400  | -5.84292E+10| -5.83375E+10| -5.84225E+10| -5.84292E+10| 1.23416E+07 
164| 16500  | -5.84292E+10| -5.83375E+10| -5.84227E+10| -5.84292E+10| 1.23748E+07 
165| 16600  | -5.84292E+10| -5.83375E+10| -5.84228E+10| -5.84292E+10| 1.24086E+07 
166| 16700  | -5.84292E+10| -5.83375E+10| -5.84235E+10| -5.84292E+10| 1.16309E+07 
167| 16800  | -5.84292E+10| -5.83375E+10| -5.84235E+10| -5.84292E+10| 1.16536E+07 
168| 16900  | -5.84292E+10| -5.83774E+10| -5.84242E+10| -5.84292E+10| 8.22594E+06 
169| 17000  | -5.84292E+10| -5.83774E+10| -5.84243E+10| -5.84292E+10| 8.19470E+06 
170| 17100  | -5.84292E+10| -5.83774E+10| -5.84247E+10| -5.84292E+10| 7.88867E+06 
171| 17200  | -5.84292E+10| -5.83774E+10| -5.84249E+10| -5.84292E+10| 7.85917E+06 
172| 17300  | -5.84292E+10| -5.83774E+10| -5.84249E+10| -5.84292E+10| 7.87757E+06 
173| 17400  | -5.84292E+10| -5.83774E+10| -5.84253E+10| -5.84292E+10| 7.44982E+06 
174| 17500  | -5.84292E+10| -5.83774E+10| -5.84256E+10| -5.84292E+10| 7.08396E+06 
175| 17600  | -5.84292E+10| -5.83774E+10| -5.84258E+10| -5.84292E+10| 7.01733E+06 
176| 17700  | -5.84292E+10| -5.83774E+10| -5.84258E+10| -5.84292E+10| 7.02088E+06 
177| 17800  | -5.84293E+10| -5.83774E+10| -5.84261E+10| -5.84293E+10| 6.74799E+06 
178| 17900  | -5.84293E+10| -5.83774E+10| -5.84261E+10| -5.84293E+10| 6.75035E+06 
179| 18000  | -5.84293E+10| -5.83774E+10| -5.84261E+10| -5.84293E+10| 6.76865E+06 
180| 18100  | -5.84293E+10| -5.83979E+10| -5.84267E+10| -5.84293E+10| 4.67592E+06 
181| 18200  | -5.84293E+10| -5.83979E+10| -5.84267E+10| -5.84293E+10| 4.68332E+06 
182| 18300  | -5.84293E+10| -5.84044E+10| -5.84271E+10| -5.84293E+10| 3.68886E+06 
183| 18400  | -5.84293E+10| -5.84044E+10| -5.84272E+10| -5.84293E+10| 3.68374E+06 
184| 18500  | -5.84294E+10| -5.84044E+10| -5.84274E+10| -5.84294E+10| 3.51550E+06 
185| 18600  | -5.84294E+10| -5.84044E+10| -5.84278E+10| -5.84294E+10| 2.95556E+06 
186| 18700  | -5.84294E+10| -5.84044E+10| -5.84279E+10| -5.84294E+10| 2.95534E+06 
187| 18800  | -5.84294E+10| -5.84044E+10| -5.84281E+10| -5.84294E+10| 2.87420E+06 
188| 18900  | -5.84294E+10| -5.84044E+10| -5.84281E+10| -5.84294E+10| 2.87416E+06 
189| 19000  | -5.84294E+10| -5.84044E+10| -5.84281E+10| -5.84294E+10| 2.87172E+06 
190| 19100  | -5.84294E+10| -5.84044E+10| -5.84282E+10| -5.84294E+10| 2.87609E+06 
191| 19200  | -5.84294E+10| -5.84044E+10| -5.84282E+10| -5.84294E+10| 2.87955E+06 
192| 19300  | -5.84294E+10| -5.84182E+10| -5.84285E+10| -5.84294E+10| 1.61012E+06 
193| 19400  | -5.84294E+10| -5.84245E+10| -5.84287E+10| -5.84294E+10| 9.36873E+05 
194| 19500  | -5.84294E+10| -5.84245E+10| -5.84287E+10| -5.84294E+10| 8.90706E+05 
195| 19600  | -5.84294E+10| -5.84245E+10| -5.84288E+10| -5.84294E+10| 8.54845E+05 
196| 19700  | -5.84294E+10| -5.84245E+10| -5.84288E+10| -5.84294E+10| 8.57328E+05 
197| 19800  | -5.84294E+10| -5.84245E+10| -5.84288E+10| -5.84294E+10| 8.30349E+05 
198| 19900  | -5.84294E+10| -5.84245E+10| -5.84288E+10| -5.84294E+10| 8.34431E+05 
199| 20000  | -5.84294E+10| -5.84245E+10| -5.84289E+10| -5.84294E+10| 8.35267E+05 
最优的目标函数值为：-58429434214.76501
最优的控制变量值为：
3.000002908722064
3.0000013377726935
3.9999957435824234
评价次数：20000
时间已过 0.3050413131713867 秒
3.000002908722064
3.0000013377726935
3.9999957435824234
------------------------------K-------------------------------------
4.99999125150498
1.8713393183916982
0.3333311836335971
==================================================================================
gen|  eval  |    f_opt    |    f_max    |    f_avg    |    f_min    |    f_std    
----------------------------------------------------------------------------------
 0 |  100   | -1.77758E+11| -5.24421E+06| -7.42700E+10| -1.77758E+11| 7.40745E+10 
 1 |  200   | -2.74678E+11| -3.71416E+01| -5.78153E+10| -2.74678E+11| 9.22487E+10 
 2 |  300   | -2.74678E+11| -3.71416E+01| -5.94279E+10| -2.74678E+11| 9.38113E+10 
 3 |  400   | -2.74678E+11| -3.71416E+01| -5.65270E+10| -2.74678E+11| 9.01800E+10 
 4 |  500   | -2.74678E+11| -1.26308E+01| -6.33983E+10| -2.74678E+11| 9.22387E+10 
 5 |  600   | -2.74678E+11| 1.07000E+01 | -6.77253E+10| -2.74678E+11| 9.71340E+10 
 6 |  700   | -2.74678E+11| 1.07000E+01 | -7.24082E+10| -2.74678E+11| 9.74252E+10 
 7 |  800   | -2.74678E+11| 1.06483E+01 | -8.18868E+10| -2.74678E+11| 1.01010E+11 
 8 |  900   | -2.74678E+11| 1.06483E+01 | -9.62525E+10| -2.74678E+11| 1.04450E+11 
 9 |  1000  | -2.74711E+11| 1.07000E+01 | -9.79878E+10| -2.74711E+11| 1.06124E+11 
 10|  1100  | -2.74711E+11| -5.24370E+04| -1.10276E+11| -2.74711E+11| 1.08164E+11 
 11|  1200  | -2.74956E+11| -1.50864E+01| -1.16495E+11| -2.74956E+11| 1.09392E+11 
 12|  1300  | -2.75160E+11| -1.50864E+01| -1.28646E+11| -2.75160E+11| 1.10510E+11 
 13|  1400  | -2.75160E+11| -1.50864E+01| -1.31684E+11| -2.75160E+11| 1.08885E+11 
 14|  1500  | -2.75456E+11| -1.50864E+01| -1.54619E+11| -2.75456E+11| 1.05030E+11 
 15|  1600  | -2.75456E+11| -1.50864E+01| -1.62617E+11| -2.75456E+11| 1.02273E+11 
 16|  1700  | -2.75456E+11| -1.50864E+01| -1.68595E+11| -2.75456E+11| 1.00591E+11 
 17|  1800  | -2.75456E+11| -1.50864E+01| -1.88558E+11| -2.75456E+11| 9.18507E+10 
 18|  1900  | -2.75456E+11| -1.50864E+01| -1.92134E+11| -2.75456E+11| 9.18044E+10 
 19|  2000  | -2.75670E+11| -1.50864E+01| -2.03359E+11| -2.75670E+11| 8.53368E+10 
 20|  2100  | -2.75670E+11| -1.50864E+01| -2.12389E+11| -2.75670E+11| 8.24444E+10 
 21|  2200  | -2.75670E+11| -9.41816E+07| -2.26475E+11| -2.75670E+11| 7.13418E+10 
 22|  2300  | -2.75670E+11| -2.04111E+09| -2.40106E+11| -2.75670E+11| 5.72994E+10 
 23|  2400  | -2.75670E+11| -2.04111E+09| -2.49323E+11| -2.75670E+11| 4.96086E+10 
 24|  2500  | -2.75670E+11| -2.04111E+09| -2.55094E+11| -2.75670E+11| 4.61184E+10 
 25|  2600  | -2.75734E+11| -1.31408E+06| -2.58438E+11| -2.75734E+11| 4.95719E+10 
 26|  2700  | -2.75734E+11| -2.04111E+09| -2.64934E+11| -2.75734E+11| 4.05976E+10 
 27|  2800  | -2.75734E+11| -2.04111E+09| -2.69641E+11| -2.75734E+11| 2.92142E+10 
 28|  2900  | -2.75736E+11| -2.22441E+11| -2.74401E+11| -2.75736E+11| 5.52645E+09 
 29|  3000  | -2.75738E+11| -2.62565E+11| -2.75254E+11| -2.75738E+11| 1.55881E+09 
 30|  3100  | -2.75744E+11| -2.67720E+11| -2.75505E+11| -2.75744E+11| 8.72656E+08 
 31|  3200  | -2.75744E+11| -2.75230E+11| -2.75677E+11| -2.75744E+11| 9.19570E+07 
 32|  3300  | -2.75744E+11| -2.75252E+11| -2.75698E+11| -2.75744E+11| 7.79291E+07 
 33|  3400  | -2.75744E+11| -2.75531E+11| -2.75724E+11| -2.75744E+11| 2.99057E+07 
 34|  3500  | -2.75744E+11| -2.75531E+11| -2.75730E+11| -2.75744E+11| 2.75653E+07 
 35|  3600  | -2.75744E+11| -2.75531E+11| -2.75738E+11| -2.75744E+11| 2.12977E+07 
 36|  3700  | -2.75744E+11| -2.75720E+11| -2.75742E+11| -2.75744E+11| 2.99700E+06 
 37|  3800  | -2.75744E+11| -2.75720E+11| -2.75742E+11| -2.75744E+11| 2.74455E+06 
 38|  3900  | -2.75744E+11| -2.75737E+11| -2.75743E+11| -2.75744E+11| 1.05178E+06 
 39|  4000  | -2.75744E+11| -2.75741E+11| -2.75743E+11| -2.75744E+11| 5.22951E+05 
 40|  4100  | -2.75744E+11| -2.75741E+11| -2.75744E+11| -2.75744E+11| 3.65763E+05 
 41|  4200  | -2.75744E+11| -2.75743E+11| -2.75744E+11| -2.75744E+11| 1.20029E+05 
 42|  4300  | -2.75744E+11| -2.75743E+11| -2.75744E+11| -2.75744E+11| 8.64289E+04 
 43|  4400  | -2.75744E+11| -2.75743E+11| -2.75744E+11| -2.75744E+11| 7.00705E+04 
 44|  4500  | -2.75744E+11| -2.75744E+11| -2.75744E+11| -2.75744E+11| 2.27610E+04 
 45|  4600  | -2.75744E+11| -2.75744E+11| -2.75744E+11| -2.75744E+11| 7.72585E+03 
 46|  4700  | -2.75744E+11| -2.75744E+11| -2.75744E+11| -2.75744E+11| 3.83735E+03 
 47|  4800  | -2.75744E+11| -2.75744E+11| -2.75744E+11| -2.75744E+11| 1.80215E+03 
 48|  4900  | -2.75744E+11| -2.75744E+11| -2.75744E+11| -2.75744E+11| 1.14403E+03 
 49|  5000  | -2.75744E+11| -2.75744E+11| -2.75744E+11| -2.75744E+11| 1.07464E+03 
 50|  5100  | -2.75744E+11| -2.75744E+11| -2.75744E+11| -2.75744E+11| 9.13315E+02 
 51|  5200  | -2.75744E+11| -2.75744E+11| -2.75744E+11| -2.75744E+11| 9.13645E+02 
 52|  5300  | -2.75744E+11| -2.75744E+11| -2.75744E+11| -2.75744E+11| 9.05287E+02 
 53|  5400  | -2.75744E+11| -2.75744E+11| -2.75744E+11| -2.75744E+11| 7.57535E+02 
 54|  5500  | -2.75744E+11| -2.75744E+11| -2.75744E+11| -2.75744E+11| 1.17754E+02 
 55|  5600  | -2.75744E+11| -2.75744E+11| -2.75744E+11| -2.75744E+11| 1.74399E+01 
 56|  5700  | -2.75744E+11| -2.75744E+11| -2.75744E+11| -2.75744E+11| 6.96859E+00 
 57|  5800  | -2.75744E+11| -2.75744E+11| -2.75744E+11| -2.75744E+11| 6.16642E+00 
 58|  5900  | -2.75744E+11| -2.75744E+11| -2.75744E+11| -2.75744E+11| 3.45743E+00 
 59|  6000  | -2.75744E+11| -2.75744E+11| -2.75744E+11| -2.75744E+11| 1.40080E+00 
 60|  6100  | -2.75744E+11| -2.75744E+11| -2.75744E+11| -2.75744E+11| 1.26323E+00 
 61|  6200  | -2.75744E+11| -2.75744E+11| -2.75744E+11| -2.75744E+11| 1.29230E+00 
 62|  6300  | -2.75744E+11| -2.75744E+11| -2.75744E+11| -2.75744E+11| 1.31042E+00 
 63|  6400  | -2.75744E+11| -2.75744E+11| -2.75744E+11| -2.75744E+11| 6.27143E-01 
 64|  6500  | -2.75744E+11| -2.75744E+11| -2.75744E+11| -2.75744E+11| 8.12890E+01 
 65|  6600  | -2.75744E+11| -2.75744E+11| -2.75744E+11| -2.75744E+11| 8.12929E+01 
 66|  6700  | -2.75744E+11| -2.75744E+11| -2.75744E+11| -2.75744E+11| 8.12891E+01 
 67|  6800  | -2.75744E+11| -2.75744E+11| -2.75744E+11| -2.75744E+11| 8.12829E+01 
 68|  6900  | -2.75744E+11| -2.75744E+11| -2.75744E+11| -2.75744E+11| 8.12798E+01 
 69|  7000  | -2.75744E+11| -2.75744E+11| -2.75744E+11| -2.75744E+11| 8.12730E+01 
 70|  7100  | -2.75744E+11| -2.75744E+11| -2.75744E+11| -2.75744E+11| 8.13589E+01 
 71|  7200  | -2.75744E+11| -2.75744E+11| -2.75744E+11| -2.75744E+11| 8.13489E+01 
 72|  7300  | -2.75744E+11| -2.75744E+11| -2.75744E+11| -2.75744E+11| 8.13437E+01 
 73|  7400  | -2.75744E+11| -2.75744E+11| -2.75744E+11| -2.75744E+11| 8.13397E+01 
 74|  7500  | -2.75744E+11| -2.75744E+11| -2.75744E+11| -2.75744E+11| 8.13271E+01 
 75|  7600  | -2.75744E+11| -2.75744E+11| -2.75744E+11| -2.75744E+11| 8.13124E+01 
 76|  7700  | -2.75744E+11| -2.75744E+11| -2.75744E+11| -2.75744E+11| 8.13067E+01 
 77|  7800  | -2.75744E+11| -2.75744E+11| -2.75744E+11| -2.75744E+11| 8.28092E+01 
 78|  7900  | -2.75744E+11| -2.75744E+11| -2.75744E+11| -2.75744E+11| 8.28035E+01 
 79|  8000  | -2.75744E+11| -2.75744E+11| -2.75744E+11| -2.75744E+11| 8.27850E+01 
 80|  8100  | -2.75744E+11| -2.75744E+11| -2.75744E+11| -2.75744E+11| 8.27519E+01 
 81|  8200  | -2.75744E+11| -2.75744E+11| -2.75744E+11| -2.75744E+11| 8.32509E+01 
 82|  8300  | -2.75744E+11| -2.75744E+11| -2.75744E+11| -2.75744E+11| 8.34534E+01 
 83|  8400  | -2.75744E+11| -2.75744E+11| -2.75744E+11| -2.75744E+11| 8.34885E+01 
 84|  8500  | -2.75744E+11| -2.75744E+11| -2.75744E+11| -2.75744E+11| 8.34361E+01 
 85|  8600  | -2.75744E+11| -2.75744E+11| -2.75744E+11| -2.75744E+11| 9.03226E+01 
 86|  8700  | -2.75744E+11| -2.75744E+11| -2.75744E+11| -2.75744E+11| 1.38229E+02 
 87|  8800  | -2.75744E+11| -2.75744E+11| -2.75744E+11| -2.75744E+11| 1.41803E+02 
 88|  8900  | -2.75744E+11| -2.75744E+11| -2.75744E+11| -2.75744E+11| 1.66300E+02 
 89|  9000  | -2.75744E+11| -2.75744E+11| -2.75744E+11| -2.75744E+11| 1.92724E+02 
 90|  9100  | -2.75744E+11| -2.75744E+11| -2.75744E+11| -2.75744E+11| 1.95674E+02 
 91|  9200  | -2.75744E+11| -2.75744E+11| -2.75744E+11| -2.75744E+11| 2.05043E+02 
 92|  9300  | -2.75744E+11| -2.75744E+11| -2.75744E+11| -2.75744E+11| 2.11545E+02 
 93|  9400  | -2.75744E+11| -2.75744E+11| -2.75744E+11| -2.75744E+11| 2.15343E+02 
 94|  9500  | -2.75744E+11| -2.75744E+11| -2.75744E+11| -2.75744E+11| 2.39623E+02 
 95|  9600  | -2.75744E+11| -2.75744E+11| -2.75744E+11| -2.75744E+11| 2.39255E+02 
 96|  9700  | -2.75744E+11| -2.75744E+11| -2.75744E+11| -2.75744E+11| 2.59305E+02 
 97|  9800  | -2.75744E+11| -2.75744E+11| -2.75744E+11| -2.75744E+11| 2.61085E+02 
 98|  9900  | -2.75744E+11| -2.75744E+11| -2.75744E+11| -2.75744E+11| 2.88190E+02 
 99| 10000  | -2.75744E+11| -2.75744E+11| -2.75744E+11| -2.75744E+11| 2.95960E+02 
100| 10100  | -2.75744E+11| -2.75744E+11| -2.75744E+11| -2.75744E+11| 2.90883E+02 
101| 10200  | -2.75744E+11| -2.75744E+11| -2.75744E+11| -2.75744E+11| 2.96735E+02 
102| 10300  | -2.75744E+11| -2.75744E+11| -2.75744E+11| -2.75744E+11| 2.98145E+02 
103| 10400  | -2.75744E+11| -2.75744E+11| -2.75744E+11| -2.75744E+11| 2.85672E+02 
104| 10500  | -2.75744E+11| -2.75744E+11| -2.75744E+11| -2.75744E+11| 2.71110E+02 
105| 10600  | -2.75744E+11| -2.75744E+11| -2.75744E+11| -2.75744E+11| 2.61141E+02 
106| 10700  | -2.75744E+11| -2.75744E+11| -2.75744E+11| -2.75744E+11| 2.55098E+02 
107| 10800  | -2.75744E+11| -2.75744E+11| -2.75744E+11| -2.75744E+11| 2.44620E+02 
108| 10900  | -2.75744E+11| -2.75744E+11| -2.75744E+11| -2.75744E+11| 2.42372E+02 
109| 11000  | -2.75744E+11| -2.75744E+11| -2.75744E+11| -2.75744E+11| 2.30040E+02 
110| 11100  | -2.75744E+11| -2.75744E+11| -2.75744E+11| -2.75744E+11| 1.99896E+02 
111| 11200  | -2.75744E+11| -2.75744E+11| -2.75744E+11| -2.75744E+11| 1.50983E+02 
112| 11300  | -2.75744E+11| -2.75744E+11| -2.75744E+11| -2.75744E+11| 1.41380E+02 
113| 11400  | -2.75744E+11| -2.75744E+11| -2.75744E+11| -2.75744E+11| 9.28979E+01 
114| 11500  | -2.75744E+11| -2.75744E+11| -2.75744E+11| -2.75744E+11| 6.90907E+01 
115| 11600  | -2.75744E+11| -2.75744E+11| -2.75744E+11| -2.75744E+11| 6.62648E+01 
116| 11700  | -2.75744E+11| -2.75744E+11| -2.75744E+11| -2.75744E+11| 6.54004E+01 
117| 11800  | -2.75744E+11| -2.75744E+11| -2.75744E+11| -2.75744E+11| 4.79403E+01 
118| 11900  | -2.75744E+11| -2.75744E+11| -2.75744E+11| -2.75744E+11| 4.81346E+01 
119| 12000  | -2.75744E+11| -2.75744E+11| -2.75744E+11| -2.75744E+11| 3.47986E+01 
120| 12100  | -2.75744E+11| -2.75744E+11| -2.75744E+11| -2.75744E+11| 3.40650E+01 
121| 12200  | -2.75744E+11| -2.75744E+11| -2.75744E+11| -2.75744E+11| 1.90667E+01 
122| 12300  | -2.75744E+11| -2.75744E+11| -2.75744E+11| -2.75744E+11| 5.15944E+00 
123| 12400  | -2.75744E+11| -2.75744E+11| -2.75744E+11| -2.75744E+11| 4.68085E+00 
124| 12500  | -2.75744E+11| -2.75744E+11| -2.75744E+11| -2.75744E+11| 2.17356E+00 
125| 12600  | -2.75744E+11| -2.75744E+11| -2.75744E+11| -2.75744E+11| 1.87469E+00 
126| 12700  | -2.75744E+11| -2.75744E+11| -2.75744E+11| -2.75744E+11| 1.79874E+00 
127| 12800  | -2.75744E+11| -2.75744E+11| -2.75744E+11| -2.75744E+11| 4.73950E-01 
128| 12900  | -2.75744E+11| -2.75744E+11| -2.75744E+11| -2.75744E+11| 4.47011E-01 
129| 13000  | -2.75744E+11| -2.75744E+11| -2.75744E+11| -2.75744E+11| 4.26218E-01 
130| 13100  | -2.75744E+11| -2.75744E+11| -2.75744E+11| -2.75744E+11| 4.07265E-01 
131| 13200  | -2.75744E+11| -2.75744E+11| -2.75744E+11| -2.75744E+11| 2.60588E-01 
132| 13300  | -2.75744E+11| -2.75744E+11| -2.75744E+11| -2.75744E+11| 1.16625E-01 
133| 13400  | -2.75744E+11| -2.75744E+11| -2.75744E+11| -2.75744E+11| 1.01858E-01 
134| 13500  | -2.75744E+11| -2.75744E+11| -2.75744E+11| -2.75744E+11| 6.59562E-02 
135| 13600  | -2.75744E+11| -2.75744E+11| -2.75744E+11| -2.75744E+11| 6.56292E-02 
136| 13700  | -2.75744E+11| -2.75744E+11| -2.75744E+11| -2.75744E+11| 2.14098E-02 
137| 13800  | -2.75744E+11| -2.75744E+11| -2.75744E+11| -2.75744E+11| 1.48480E-02 
138| 13900  | -2.75744E+11| -2.75744E+11| -2.75744E+11| -2.75744E+11| 1.40878E-02 
139| 14000  | -2.75744E+11| -2.75744E+11| -2.75744E+11| -2.75744E+11| 1.20787E-02 
140| 14100  | -2.75744E+11| -2.75744E+11| -2.75744E+11| -2.75744E+11| 1.14399E-02 
141| 14200  | -2.75744E+11| -2.75744E+11| -2.75744E+11| -2.75744E+11| 1.13246E-02 
142| 14300  | -2.75744E+11| -2.75744E+11| -2.75744E+11| -2.75744E+11| 2.06332E-03 
143| 14400  | -2.75744E+11| -2.75744E+11| -2.75744E+11| -2.75744E+11| 1.84794E-03 
144| 14500  | -2.75744E+11| -2.75744E+11| -2.75744E+11| -2.75744E+11| 1.36907E-03 
145| 14600  | -2.75744E+11| -2.75744E+11| -2.75744E+11| -2.75744E+11| 1.35532E-03 
146| 14700  | -2.75744E+11| -2.75744E+11| -2.75744E+11| -2.75744E+11| 1.17461E-03 
147| 14800  | -2.75744E+11| -2.75744E+11| -2.75744E+11| -2.75744E+11| 5.01455E-04 
148| 14900  | -2.75744E+11| -2.75744E+11| -2.75744E+11| -2.75744E+11| 5.01046E-04 
149| 15000  | -2.75744E+11| -2.75744E+11| -2.75744E+11| -2.75744E+11| 4.89805E-04 
150| 15100  | -2.75744E+11| -2.75744E+11| -2.75744E+11| -2.75744E+11| 2.26407E-04 
151| 15200  | -2.75744E+11| -2.75744E+11| -2.75744E+11| -2.75744E+11| 9.76563E-05 
152| 15300  | -2.75744E+11| -2.75744E+11| -2.75744E+11| -2.75744E+11| 5.39048E-05 
153| 15400  | -2.75744E+11| -2.75744E+11| -2.75744E+11| -2.75744E+11| 5.25044E-05 
154| 15500  | -2.75744E+11| -2.75744E+11| -2.75744E+11| -2.75744E+11| 5.14291E-05 
155| 15600  | -2.75744E+11| -2.75744E+11| -2.75744E+11| -2.75744E+11| 5.49316E-05 
156| 15700  | -2.75744E+11| -2.75744E+11| -2.75744E+11| -2.75744E+11| 5.66017E-05 
157| 15800  | -2.75744E+11| -2.75744E+11| -2.75744E+11| -2.75744E+11| 5.75805E-05 
158| 15900  | -2.75744E+11| -2.75744E+11| -2.75744E+11| -2.75744E+11| 5.88602E-05 
159| 16000  | -2.75744E+11| -2.75744E+11| -2.75744E+11| -2.75744E+11| 5.91758E-05 
160| 16100  | -2.75744E+11| -2.75744E+11| -2.75744E+11| -2.75744E+11| 5.98020E-05 
161| 16200  | -2.75744E+11| -2.75744E+11| -2.75744E+11| -2.75744E+11| 6.01127E-05 
162| 16300  | -2.75744E+11| -2.75744E+11| -2.75744E+11| -2.75744E+11| 6.01127E-05 
163| 16400  | -2.75744E+11| -2.75744E+11| -2.75744E+11| -2.75744E+11| 6.07292E-05 
164| 16500  | -2.75744E+11| -2.75744E+11| -2.75744E+11| -2.75744E+11| 6.10352E-05 
165| 16600  | -2.75744E+11| -2.75744E+11| -2.75744E+11| -2.75744E+11| 6.10352E-05 
166| 16700  | -2.75744E+11| -2.75744E+11| -2.75744E+11| -2.75744E+11| 6.10352E-05 
167| 16800  | -2.75744E+11| -2.75744E+11| -2.75744E+11| -2.75744E+11| 6.10352E-05 
168| 16900  | -2.75744E+11| -2.75744E+11| -2.75744E+11| -2.75744E+11| 6.10352E-05 
169| 17000  | -2.75744E+11| -2.75744E+11| -2.75744E+11| -2.75744E+11| 6.10352E-05 
170| 17100  | -2.75744E+11| -2.75744E+11| -2.75744E+11| -2.75744E+11| 6.10352E-05 
171| 17200  | -2.75744E+11| -2.75744E+11| -2.75744E+11| -2.75744E+11| 6.10352E-05 
172| 17300  | -2.75744E+11| -2.75744E+11| -2.75744E+11| -2.75744E+11| 6.10352E-05 
173| 17400  | -2.75744E+11| -2.75744E+11| -2.75744E+11| -2.75744E+11| 6.10352E-05 
174| 17500  | -2.75744E+11| -2.75744E+11| -2.75744E+11| -2.75744E+11| 6.10352E-05 
175| 17600  | -2.75744E+11| -2.75744E+11| -2.75744E+11| -2.75744E+11| 6.10352E-05 
176| 17700  | -2.75744E+11| -2.75744E+11| -2.75744E+11| -2.75744E+11| 6.10352E-05 
177| 17800  | -2.75744E+11| -2.75744E+11| -2.75744E+11| -2.75744E+11| 6.10352E-05 
178| 17900  | -2.75744E+11| -2.75744E+11| -2.75744E+11| -2.75744E+11| 6.10352E-05 
179| 18000  | -2.75744E+11| -2.75744E+11| -2.75744E+11| -2.75744E+11| 6.10352E-05 
180| 18100  | -2.75744E+11| -2.75744E+11| -2.75744E+11| -2.75744E+11| 6.10352E-05 
181| 18200  | -2.75744E+11| -2.75744E+11| -2.75744E+11| -2.75744E+11| 6.10352E-05 
182| 18300  | -2.75744E+11| -2.75744E+11| -2.75744E+11| -2.75744E+11| 6.10352E-05 
183| 18400  | -2.75744E+11| -2.75744E+11| -2.75744E+11| -2.75744E+11| 6.10352E-05 
184| 18500  | -2.75744E+11| -2.75744E+11| -2.75744E+11| -2.75744E+11| 6.10352E-05 
185| 18600  | -2.75744E+11| -2.75744E+11| -2.75744E+11| -2.75744E+11| 6.10352E-05 
186| 18700  | -2.75744E+11| -2.75744E+11| -2.75744E+11| -2.75744E+11| 6.10352E-05 
187| 18800  | -2.75744E+11| -2.75744E+11| -2.75744E+11| -2.75744E+11| 6.10352E-05 
188| 18900  | -2.75744E+11| -2.75744E+11| -2.75744E+11| -2.75744E+11| 6.10352E-05 
189| 19000  | -2.75744E+11| -2.75744E+11| -2.75744E+11| -2.75744E+11| 6.10352E-05 
190| 19100  | -2.75744E+11| -2.75744E+11| -2.75744E+11| -2.75744E+11| 6.10352E-05 
191| 19200  | -2.75744E+11| -2.75744E+11| -2.75744E+11| -2.75744E+11| 6.10352E-05 
192| 19300  | -2.75744E+11| -2.75744E+11| -2.75744E+11| -2.75744E+11| 6.10352E-05 
193| 19400  | -2.75744E+11| -2.75744E+11| -2.75744E+11| -2.75744E+11| 6.10352E-05 
194| 19500  | -2.75744E+11| -2.75744E+11| -2.75744E+11| -2.75744E+11| 6.10352E-05 
195| 19600  | -2.75744E+11| -2.75744E+11| -2.75744E+11| -2.75744E+11| 6.10352E-05 
196| 19700  | -2.75744E+11| -2.75744E+11| -2.75744E+11| -2.75744E+11| 6.10352E-05 
197| 19800  | -2.75744E+11| -2.75744E+11| -2.75744E+11| -2.75744E+11| 6.10352E-05 
198| 19900  | -2.75744E+11| -2.75744E+11| -2.75744E+11| -2.75744E+11| 6.10352E-05 
199| 20000  | -2.75744E+11| -2.75744E+11| -2.75744E+11| -2.75744E+11| 6.10352E-05 
最优的目标函数值为：-275743771099.5254
最优的控制变量值为：
2.7991014391417535
2.9999962572687484
3.732127992245308
评价次数：20000
时间已过 0.3536641597747803 秒
2.7991014391417535
2.9999962572687484
3.732127992245308
------------------------------K-------------------------------------
4.31353106290463
4.999982016161084
4.313531921821234
