mu1:0,mu2:0,mu3:0
omega1:300,omega2:300,omega3:300
k1:21,k2:21,k3:21
lambda_register:0,428,0,0
usage:0,0,0,0,0,0,0,0,0,0,0,0,0,0,0,167,0,0,0,0,0,0,0,0,0,0,0,0,0,0,0,0
my_register:0,0,0,0,0,0,0,0,678827,154,300,21,0,0,0,0,0,300,21,0,0,0,0,0,300,21,0,0
mu1:0,mu2:0,mu3:0
omega1:300,omega2:300,omega3:300
k1:21,k2:21,k3:21
lambda_register:0,521,0,0
usage:0,0,0,0,0,0,0,0,0,0,0,0,0,0,14,301,0,0,0,0,0,0,0,0,0,0,0,0,0,0,0,0
my_register:0,0,0,0,0,0,0,0,400407,258,300,21,0,0,0,0,0,300,21,0,0,0,0,0,300,21,0,0
mu1:0,mu2:0,mu3:0
omega1:300,omega2:300,omega3:300
k1:21,k2:21,k3:21
lambda_register:0,285,171,0
usage:0,0,0,0,0,0,0,0,0,0,0,0,0,0,55,301,0,0,0,0,0,0,46,65535,0,0,0,0,0,0,0,0
my_register:0,0,0,0,0,0,0,0,490918,260,300,21,0,0,0,485716,45,300,21,0,0,0,0,0,300,21,0,0
mu1:0,mu2:0,mu3:0
omega1:300,omega2:300,omega3:300
k1:21,k2:21,k3:21
lambda_register:0,212,120,80
usage:0,0,0,0,0,0,0,0,0,0,0,0,0,0,91,301,0,0,0,0,0,0,78,65535,0,0,0,0,0,0,20,65534
my_register:0,0,0,0,0,0,0,0,704405,315,300,21,0,0,0,704569,80,300,21,0,0,0,158,19,300,21,0,0
mu1:0,mu2:0,mu3:0
omega1:300,omega2:300,omega3:300
k1:21,k2:21,k3:21
lambda_register:0,168,74,151
usage:0,0,0,0,0,0,0,0,0,0,0,0,0,0,72,301,0,0,0,0,0,0,63,65535,0,0,0,0,0,0,10,65534
my_register:0,0,0,0,0,0,0,0,62,296,300,21,0,0,0,47,66,300,21,0,0,0,521,14,300,21,0,0
mu1:59.60787013459056,mu2:46.68731221314901,mu3:52.629102345558344
omega1:375.07087258329074,omega2:293.7707871597417,omega3:331.1583402569676
k1:24.004535845330604,k2:18.801330378223465,k3:21.194133776445927
lambda11:58.96577494394865,lambda22:45.81379618952059,lambda33:52.06217799602012
lambda_register:0,135,149,285
usage:0,0,0,0,0,0,0,0,0,0,0,0,0,0,71,344,0,0,0,0,0,0,65,65535,0,0,0,0,0,0,7,65534
my_register:0,0,0,0,0,0,0,0,33,296,375,25,75,58,0,34,66,293,19,83,45,0,36,14,331,22,154,52
mu1:63.946559523045174,mu2:46.03776520577166,mu3:48.0270886252135
omega1:404.6958264955872,omega2:291.3572141945365,omega3:303.94695930987626
k1:25.900532895717582,k2:18.646861708450338,k3:19.452605395832084
lambda11:63.25772803080925,lambda22:20.86235374367285,lambda33:46.86673439376929
lambda_register:0,101,122,282
usage:0,0,0,0,0,0,0,0,0,0,0,0,0,0,71,385,0,0,0,0,0,0,64,65535,0,0,0,0,0,0,10,65534
my_register:0,0,0,0,0,0,0,0,35,296,404,26,59,63,0,3462,66,291,19,74,20,0,10438,14,303,20,163,46
mu1:63.97404418194257,mu2:50.358904776671245,mu3:55.38173881886368
omega1:376.95054576432744,omega2:296.72685043441646,omega3:326.3226038012562
k1:24.124834928916957,k2:18.99051842780265,k3:20.884646643280398
lambda11:63.284916626387755,lambda22:32.48035190584148,lambda33:14.791359809402131
lambda_register:0,115,102,311
usage:0,0,0,0,0,0,0,0,0,0,0,0,0,0,67,405,0,0,0,0,0,0,63,65535,0,0,0,0,0,0,12,65534
my_register:0,0,0,0,0,0,0,0,40,296,376,25,53,63,0,32,66,296,19,46,32,0,40,14,326,21,149,14
mu1:63.11155160388862,mu2:49.1170606058984,mu3:37.3402785667615
omega1:421.95640601611063,omega2:328.39088630588185,omega3:249.65270767800746
k1:27.005209985031083,k2:21.017016723576436,k3:15.977773291392479
lambda11:62.43171480001256,lambda22:3.197811625812809,lambda33:23.049187269071567
lambda_register:0,101,120,253
usage:0,0,0,0,0,0,0,0,0,0,0,0,0,0,67,417,0,0,0,0,0,0,66,65535,0,0,0,0,0,0,20,65534
my_register:0,0,0,0,0,0,0,0,5525,296,421,28,50,62,0,174801,70,328,22,55,3,0,153907,18,249,16,121,23
mu1:62.500070834928096,mu2:57.64625164232254,mu3:48.42079475967558
omega1:370.7726148456484,omega2:341.97803573575374,omega3:287.24934941859794
k1:23.729447350121497,k2:21.88659428708824,k3:18.383958362790267
lambda11:61.82682090326915,lambda22:13.565620948696601,lambda33:47.83200560447732
lambda_register:0,90,146,335
usage:0,0,0,0,0,0,0,0,0,0,0,0,0,0,66,422,0,0,0,0,0,0,61,65535,0,0,0,0,0,0,21,65534
my_register:0,0,0,0,0,0,0,0,1674,296,370,24,34,61,0,1677,66,341,22,64,13,0,2150,14,287,19,148,47
mu1:45.06894009167031,mu2:17.87495527037736,mu3:63.69459746987195
omega1:355.8865798528403,omega2:141.14946309493604,omega3:502.96395705222363
k1:22.776741110581778,k2:9.033565638075906,k3:32.18969325134231
lambda11:8.655704850983991,lambda22:15.724096198604812,lambda33:61.93007178886821
lambda_register:0,31,129,281
usage:0,0,0,0,0,0,0,0,0,0,0,0,0,0,67,422,0,0,0,0,0,0,62,65535,0,0,0,0,0,0,23,65534
my_register:0,0,0,0,0,0,0,0,95,296,355,23,22,8,0,269,67,141,10,87,15,0,1389,15,502,33,196,61
mu1:18.476602376563847,mu2:41.56071133862799,mu3:63.19559168502399
omega1:149.9323765560711,omega2:337.2533594306963,omega3:512.8142640132326
k1:9.59567209958855,k2:21.584215003564566,k3:32.82011289684689
lambda11:1.8955542352735062,lambda22:36.62445363668725,lambda33:62.57652574208006
lambda_register:0,21,172,398
usage:0,0,0,0,0,0,0,0,0,0,0,0,0,0,67,422,0,0,0,0,0,0,59,65535,0,0,0,0,0,0,30,65534
my_register:0,0,0,0,0,0,0,0,5039,296,149,10,7,1,0,3688,66,337,22,62,36,0,49,16,512,33,155,62
mu1:1.9974985453821483,mu2:1.997498545382117,mu3:63.9999
omega1:29.377183154138024,omega2:29.377183154137565,omega3:941.2456336917245
k1:1.8801397218648337,k2:1.8801397218648042,k3:60.23972055627037
lambda11:0,lambda22:0,lambda33:0
lambda_register:0,6,141,270
usage:0,0,0,0,0,0,0,0,0,0,0,0,0,0,0,0,0,0,0,0,0,0,0,0,0,0,0,0,0,0,27,65534
my_register:0,0,0,0,0,0,0,0,33,296,29,2,3,0,0,33,66,29,2,81,0,0,37,14,941,61,134,0
mu1:63.9999,mu2:1.4960349387177843,mu3:1.496034938717788
omega1:955.3368876462406,omega2:22.33155617687969,omega3:22.331556176879744
k1:61.1415608093594,k2:1.4292195953203002,k3:1.4292195953203037
lambda11:0,lambda22:0,lambda33:0
lambda_register:0,5,100,297
usage:0,0,0,0,0,0,0,0,0,0,0,0,0,0,0,0,0,0,0,0,0,0,0,0,0,0,0,0,0,0,0,1
my_register:0,0,0,0,0,0,0,0,33,296,955,62,2,0,0,69,66,22,2,50,0,0,35,15,22,2,149,0
mu1:63.9999,mu2:2.4982452796473895,mu3:63.9999
omega1:490.4280356295995,omega2:19.14392874080098,omega3:490.4280356295995
k1:31.38739428029437,k2:1.2252114394112628,k3:31.38739428029437
lambda11:62.697985055235115,lambda22:2.1534061328167096,lambda33:22.74957299174685
lambda_register:0,7,151,313
usage:0,0,0,0,0,0,0,0,0,0,0,0,0,0,0,0,0,0,0,0,0,0,1,65535,0,0,0,0,0,0,0,2
my_register:0,0,0,0,0,0,0,0,4104,296,490,32,2,62,0,102,66,19,2,64,2,0,34,14,490,32,125,22
mu1:63.9999,mu2:3.4921424164640094,mu3:3.492142416464013
omega1:901.6078743544554,omega2:49.19606282277233,omega3:49.19606282277238
k1:57.70290395868515,k2:3.1485480206574294,k3:3.1485480206574326
lambda11:40.88568983271653,lambda22:0.11505855288757011,lambda33:1.4500086727375163
lambda_register:0,11,174,381
usage:0,0,0,0,0,0,0,0,0,0,0,0,0,0,0,0,0,0,0,0,0,0,3,65535,0,0,0,0,0,0,0,10
my_register:0,0,0,0,0,0,0,0,17753,296,901,58,4,40,0,116007,67,49,4,73,0,0,25540,17,49,4,161,1
mu1:63.9999,mu2:1.987518256986582,mu3:1.9875182569865815
omega1:941.5220268259312,omega2:29.238986587034493,omega3:29.238986587034486
k1:60.2574097168596,k2:1.8712951415702075,k3:1.871295141570207
lambda11:0,lambda22:0,lambda33:0
lambda_register:0,7,122,284
usage:0,0,0,0,0,0,0,0,0,0,0,0,0,0,0,0,0,0,0,0,0,0,0,0,0,0,0,0,0,0,0,25
my_register:0,0,0,0,0,0,0,0,49,296,941,61,3,0,0,34,66,29,2,55,0,0,33,14,29,2,125,0
mu1:63.9999,mu2:1.499536478747209,mu3:63.9999
omega1:494.2102542008264,omega2:11.579491598347346,omega3:494.2102542008264
k1:31.62945626885289,k2:0.7410874622942302,k3:31.62945626885289
lambda11:14.071853903181756,lambda22:0.8547217497031203,lambda33:61.4708967430246
lambda_register:0,5,114,322
usage:0,0,0,0,0,0,0,0,0,0,0,0,0,0,0,0,0,0,0,0,0,0,1,65535,0,0,0,0,0,0,0,0
my_register:0,0,0,0,0,0,0,0,181,296,494,32,2,14,0,8675,67,11,1,50,0,0,16496,14,494,32,151,61
mu1:49.449168989548085,mu2:50.739019395865775,mu3:63.513184088254626
omega1:302.06936107088546,omega2:309.94864996643315,omega3:387.98198896268127
k1:19.332439108536672,k2:19.836713597851723,k3:24.8308472936116
lambda11:48.939287869250506,lambda22:26.99678646119951,lambda33:62.8290209062459
lambda_register:0,99,134,243
usage:0,0,0,0,0,0,0,0,0,0,0,0,0,0,0,0,0,0,0,0,0,0,0,2,0,0,0,0,0,0,0,12
my_register:0,0,0,0,0,0,0,0,31,296,302,20,56,48,0,35,66,309,20,73,26,0,35,14,387,25,135,62
mu1:0,mu2:0,mu3:0
omega1:300,omega2:300,omega3:300
k1:21,k2:21,k3:21
lambda_register:0,164,128,299
usage:0,0,0,0,0,0,0,0,0,0,0,0,0,0,65535,62,0,0,0,0,0,0,0,1,0,0,0,0,0,0,0,18
my_register:0,0,0,0,0,0,0,0,39,296,300,21,56,48,0,45,66,300,21,73,26,0,36,16,300,21,135,62
mu1:42.12918808681751,mu2:44.24481919508083,mu3:63.87692801509462
omega1:280.3921852702148,omega2:294.472837108298,omega3:425.13497762148717
k1:17.945099857293748,k2:18.84626157493107,k3:27.20863856777518
lambda11:0.0001,lambda22:0.0001,lambda33:63.18884658767055
lambda_register:0,39,81,776
usage:0,0,0,0,0,0,0,0,0,0,0,0,0,0,65535,101,0,0,0,0,0,0,0,0,0,0,0,0,0,0,0,32
my_register:0,0,0,0,0,0,0,0,55445,296,280,18,23,0,0,614,66,294,19,49,0,0,32,14,425,28,632,63
mu1:0.0001,mu2:63.9999,mu3:63.9999
omega1:0.0007812506103520394,omega2:499.9996093746948,omega3:499.9996093746948
k1:5.000003906253052e-05,k2:31.999974999980466,k3:31.999974999980466
lambda11:0,lambda22:0,lambda33:0
lambda_register:0,0,0,120
usage:0,0,0,0,0,0,0,0,0,0,0,0,0,0,65535,101,0,0,0,0,0,0,0,0,0,0,0,0,0,0,0,36
my_register:0,0,0,0,0,0,0,0,55445,296,0,1,0,0,0,614,66,499,32,0,0,0,59,14,499,32,79,0
mu1:0,mu2:0,mu3:0
omega1:300,omega2:300,omega3:300
k1:21,k2:21,k3:21
lambda_register:0,310,0,0
usage:0,0,0,0,0,0,0,0,0,0,0,0,0,0,0,154,0,0,0,0,0,0,0,0,0,0,0,0,0,0,0,0
my_register:0,0,0,0,0,0,0,0,732377,97,300,21,0,0,0,0,0,300,21,0,0,0,0,0,300,21,0,0
mu1:0,mu2:0,mu3:0
omega1:300,omega2:300,omega3:300
k1:21,k2:21,k3:21
lambda_register:0,293,116,0
usage:0,0,0,0,0,0,0,0,0,0,0,0,0,0,0,160,0,0,0,0,0,0,0,78,0,0,0,0,0,0,0,0
my_register:0,0,0,0,0,0,0,0,589498,106,300,21,0,0,0,580351,77,300,21,0,0,0,0,0,300,21,0,0
mu1:0,mu2:0,mu3:0
omega1:300,omega2:300,omega3:300
k1:21,k2:21,k3:21
lambda_register:0,238,263,113
usage:0,0,0,0,0,0,0,0,0,0,0,0,0,0,0,248,0,0,0,0,0,0,0,100,0,0,0,0,0,0,0,49
my_register:0,0,0,0,0,0,0,0,284766,191,300,21,0,0,0,388597,88,300,21,0,0,0,276444,46,300,21,0,0
mu1:0,mu2:0,mu3:0
omega1:300,omega2:300,omega3:300
k1:21,k2:21,k3:21
lambda_register:0,121,274,526
usage:0,0,0,0,0,0,0,0,0,0,0,0,0,0,0,242,0,0,0,0,0,0,0,198,0,0,0,0,0,0,0,122
my_register:0,0,0,0,0,0,0,0,187494,193,300,21,0,0,0,169922,193,300,21,0,0,0,122909,204,300,21,0,0
mu1:0,mu2:0,mu3:0
omega1:300,omega2:300,omega3:300
k1:21,k2:21,k3:21
lambda_register:0,160,0,0
usage:0,0,0,0,0,0,0,0,0,0,0,0,0,0,0,46,0,0,0,0,0,0,0,0,0,0,0,0,0,0,0,0
my_register:0,0,0,0,0,0,0,0,51969,14,300,21,0,0,0,0,0,300,21,0,0,0,0,0,300,21,0,0
mu1:0,mu2:0,mu3:0
omega1:300,omega2:300,omega3:300
k1:21,k2:21,k3:21
lambda_register:0,490,0,0
usage:0,0,0,0,0,0,0,0,0,0,0,0,0,0,0,176,0,0,0,0,0,0,0,0,0,0,0,0,0,0,0,0
my_register:0,0,0,0,0,0,0,0,398168,87,300,21,0,0,0,0,0,300,21,0,0,0,0,0,300,21,0,0
mu1:0,mu2:0,mu3:0
omega1:300,omega2:300,omega3:300
k1:21,k2:21,k3:21
lambda_register:0,504,0,0
usage:0,0,0,0,0,0,0,0,0,0,0,0,0,0,64,301,0,0,0,0,0,0,0,0,0,0,0,0,0,0,0,0
my_register:0,0,0,0,0,0,0,0,390961,154,300,21,0,0,0,0,0,300,21,0,0,0,0,0,300,21,0,0
mu1:0,mu2:0,mu3:0
omega1:300,omega2:300,omega3:300
k1:21,k2:21,k3:21
lambda_register:0,153,137,135
usage:0,0,0,0,0,0,0,0,0,0,0,0,0,0,35,301,0,0,0,0,0,0,0,0,0,0,0,0,0,0,0,1
my_register:0,0,0,0,0,0,0,0,50,127,300,21,0,0,0,37,0,300,21,0,0,0,53,1,300,21,0,0
mu1:59.92990333820032,mu2:46.531525321435,mu3:40.415813402391876
omega1:408.0271558536723,omega2:316.80554909782717,omega3:275.1672950485006
k1:26.113737974635026,k2:20.275555142260938,k3:17.610706883104037
lambda11:59.28433920503322,lambda22:14.238004570046225,lambda33:0.009949301499186405
lambda_register:0,142,114,291
usage:0,0,0,0,0,0,0,0,0,0,0,0,0,0,35,356,0,0,0,0,0,0,65535,85,0,0,0,0,0,0,0,2
my_register:0,0,0,0,0,0,0,0,2018,128,408,27,59,59,0,34,0,316,21,43,14,0,39,0,275,18,114,0
mu1:61.58577852536961,mu2:50.800587582866754,mu3:55.72054137924872
omega1:366.3488874182903,omega2:302.1921486875765,omega3:331.4589638941333
k1:23.44632879477058,k2:19.340297516004895,k3:21.213373689224532
lambda11:60.92237733103275,lambda22:16.354448717668195,lambda33:55.120318221089136
lambda_register:0,117,169,318
usage:0,0,0,0,0,0,0,0,0,0,0,0,0,0,35,409,0,0,0,0,0,0,65535,254,0,0,0,0,0,0,0,2
my_register:0,0,0,0,0,0,0,0,53,127,366,24,48,60,0,35,0,302,20,76,16,0,35,0,331,22,136,55
mu1:42.829688710608615,mu2:44.73652665240196,mu3:61.251232229960145
omega1:287.80018340155726,omega2:300.6134520917227,omega3:411.58636450672
k1:18.419211737699666,k2:19.239260933870256,k3:26.34152732843008
lambda11:10.870597276309102,lambda22:25.785600211308804,lambda33:60.59143476304186
lambda_register:0,115,106,241
usage:0,0,0,0,0,0,0,0,0,0,0,0,0,0,34,409,0,0,0,0,0,0,0,1,0,0,0,0,0,0,0,4
my_register:0,0,0,0,0,0,0,0,14600,127,287,19,56,10,0,33,0,300,20,52,25,0,1438,1,411,27,118,60
mu1:62.56946693506976,mu2:34.57588973336043,mu3:31.5095000396016
omega1:486.3358332213169,omega2:268.7491993545696,omega3:244.91496742411354
k1:31.12549332616428,k2:17.199948758692457,k3:15.674557915143266
lambda11:54.480044597062744,lambda22:12.955691932042779,lambda33:14.848817480726725
lambda_register:0,104,137,267
usage:0,0,0,0,0,0,0,0,0,0,0,0,0,0,33,433,0,0,0,0,0,0,0,0,0,0,0,0,0,0,0,0
my_register:0,0,0,0,0,0,0,0,53,127,486,32,46,54,0,49,0,268,18,60,12,0,35,0,244,16,112,14
mu1:31.42019247404979,mu2:28.604882061631415,mu3:63.764092692228125
omega1:253.8202104244049,omega2:231.07742545005343,omega3:515.1023641255417
k1:16.244493467161913,k2:14.788955228803419,k3:32.96655130403467
lambda11:19.050178375585656,lambda22:24.837235303898524,lambda33:60.43485255182646
lambda_register:0,76,161,347
usage:0,0,0,0,0,0,0,0,0,0,0,0,0,0,32,487,0,0,0,0,0,0,0,0,0,0,0,0,0,0,65535,28
my_register:0,0,0,0,0,0,0,0,79,127,253,17,30,19,0,4680,0,231,15,64,24,0,7049,0,515,33,134,60
mu1:63.35765182678736,mu2:38.926775117895474,mu3:51.282110783988884
omega1:412.574593162545,omega2:253.4847480033251,omega3:333.9406588341298
k1:26.40477396240288,k2:16.223023872212806,k3:21.372202165384305
lambda11:62.67516403532995,lambda22:28.87679499800056,lambda33:0.0001
lambda_register:0,40,191,420
usage:0,0,0,0,0,0,0,0,0,0,0,0,0,0,31,487,0,0,0,0,0,0,0,2,0,0,0,0,0,0,0,6
my_register:0,0,0,0,0,0,0,0,30591,127,412,27,14,62,0,16608,0,253,17,78,28,0,24353,0,333,22,164,0
mu1:35.6990474499926,mu2:14.124734710552541,mu3:63.592025885749884
omega1:314.76253676578017,omega2:124.53938259459376,omega3:560.6980806396261
k1:20.14480235300993,k2:7.970520486054001,k3:35.88467716093607
lambda11:20.762943038180655,lambda22:4.939268098243139,lambda33:59.59832990456577
lambda_register:0,19,182,424
usage:0,0,0,0,0,0,0,0,0,0,0,0,0,0,30,487,0,0,0,0,0,0,0,1,0,0,0,0,0,0,0,21
my_register:0,0,0,0,0,0,0,0,36,127,314,21,6,20,0,32,0,124,8,67,4,0,39,0,560,36,150,59
mu1:63.9999,mu2:2.992847014689758,mu3:63.9999
omega1:488.5762785816744,omega2:22.847442836651243,omega3:488.5762785816744
k1:31.268881829227162,k2:1.4622363415456796,k3:31.268881829227162
lambda11:58.90374493387518,lambda22:0.9228517617393284,lambda33:45.87900127997063
lambda_register:0,10,166,384
usage:0,0,0,0,0,0,0,0,0,0,0,0,0,0,30,489,0,0,0,0,0,0,0,1,0,0,0,0,0,0,0,30
my_register:0,0,0,0,0,0,0,0,91682,127,488,32,4,58,0,40634,1,22,2,70,0,0,50003,3,488,32,156,45
mu1:2.4957915578382543,mu2:2.495791557838249,mu3:63.9999
omega1:36.17535737931036,omega2:36.175357379310285,omega3:927.6492852413793
k1:2.3152228722758634,k2:2.3152228722758585,k3:59.36955425544828
lambda11:0,lambda22:0,lambda33:0
lambda_register:0,8,182,328
usage:0,0,0,0,0,0,0,0,0,0,0,0,0,0,30,489,0,0,0,0,0,0,0,1,0,0,0,0,0,0,0,35
my_register:0,0,0,0,0,0,0,0,6583,127,36,3,3,0,0,35,0,36,3,88,0,0,33,0,927,60,163,0
mu1:1.998274623977968,mu2:1.998274623977963,mu3:63.9999
omega1:29.387926076714063,omega2:29.38792607671399,omega3:941.224147846572
k1:1.8808272689096999,k2:1.8808272689096952,k3:60.23834546218061
lambda11:0,lambda22:0,lambda33:0
lambda_register:0,8,149,333
usage:0,0,0,0,0,0,0,0,0,0,0,0,0,0,0,0,0,0,0,0,0,0,0,1,0,0,0,0,0,0,0,46
my_register:0,0,0,0,0,0,0,0,64179,127,29,2,4,0,0,48,0,29,2,72,0,0,37,0,941,61,150,0
mu1:49.29192965638907,mu2:30.12323402743907,mu3:63.096082190551236
omega1:345.8809819109915,omega2:211.374434646316,omega3:442.7445834426926
k1:22.136382842303455,k2:13.527963817364224,k3:28.335653340332325
lambda11:32.98455181143936,lambda22:16.54744743964479,lambda33:62.41641202837309
lambda_register:0,94,104,242
usage:0,0,0,0,0,0,0,0,0,0,0,0,0,0,0,0,0,0,0,0,0,0,0,2,0,0,0,0,0,0,0,44
my_register:0,0,0,0,0,0,0,0,48,127,345,23,54,32,0,32,0,211,14,49,16,0,32,0,442,29,128,62
mu1:44.547775187083985,mu2:39.50075660604853,mu3:62.41274908131826
omega1:304.16076468204,omega2:269.70101838662254,omega3:426.1382169313375
k1:19.466288939650557,k2:17.26086517674384,k3:27.2728458836056
lambda11:5.345152449446358,lambda22:3.5916051890729648,lambda33:61.740439774832375
lambda_register:0,113,151,292
usage:0,0,0,0,0,0,0,0,0,0,0,0,0,0,0,65535,0,0,0,0,0,0,0,3,0,0,0,0,0,0,0,46
my_register:0,0,0,0,0,0,0,0,87021,127,304,20,49,5,0,11072,1,269,18,63,3,0,25070,3,426,28,119,61
mu1:63.51012149196742,mu2:58.18786334976311,mu3:61.73191810764912
omega1:346.2364667417069,omega2:317.2212513562795,omega3:336.5422819020136
k1:22.159133871469244,k2:20.302160086801887,k3:21.53870604172887
lambda11:62.8259912969622,lambda22:48.14939483470449,lambda33:61.06694275341947
lambda_register:0,107,115,252
usage:0,0,0,0,0,0,0,0,0,0,0,0,0,0,0,6,0,0,0,0,0,0,0,6,0,0,0,0,0,0,0,57
my_register:0,0,0,0,0,0,0,0,107017,133,346,23,50,62,0,110677,6,317,21,55,48,0,3463,7,336,22,118,61
mu1:41.705333421196045,mu2:28.66662399562895,mu3:63.992160480271274
omega1:310.3904083464931,omega2:213.35029354774235,omega3:476.2592981057646
k1:19.864986134175556,k2:13.65441878705551,k3:30.480595078768935
lambda11:23.56819323127819,lambda22:15.07575764182154,lambda33:63.79673593819626
lambda_register:0,91,123,213
usage:0,0,0,0,0,0,0,0,0,0,0,0,0,0,0,1,0,0,0,0,0,0,0,0,0,0,0,0,0,0,0,58
my_register:0,0,0,0,0,0,0,0,9038,127,310,20,46,23,0,98,0,213,14,59,15,0,93,1,476,31,105,63
mu1:0,mu2:0,mu3:0
omega1:300,omega2:300,omega3:300
k1:21,k2:21,k3:21
lambda_register:0,136,155,319
usage:0,0,0,0,0,0,0,0,0,0,0,0,0,0,65535,100,0,0,0,0,0,0,0,0,0,0,0,0,0,0,0,77
my_register:0,0,0,0,0,0,0,0,13667,129,300,21,46,23,0,13091,1,300,21,59,15,0,60,0,300,21,105,63
mu1:54.46752941910699,mu2:52.05933289587265,mu3:57.700349513131655
omega1:331.65958803535875,omega2:316.9957786920272,omega3:351.3446332726139
k1:21.226213634262958,k2:20.287729836289742,k3:22.486056529447293
lambda11:53.88080585713773,lambda22:13.616491337471937,lambda33:57.07880210779038
lambda_register:0,101,145,917
usage:0,0,0,0,0,0,0,0,0,0,0,0,0,0,65535,202,0,0,0,0,0,0,65535,111,0,0,0,0,0,0,0,95
my_register:0,0,0,0,0,0,0,0,10107,127,331,22,68,53,0,1464,0,316,21,98,13,0,72,1,351,23,874,57
mu1:0.0001,mu2:63.9999,mu3:63.9999
omega1:0.0007812506103520394,omega2:499.9996093746948,omega3:499.9996093746948
k1:5.000003906253052e-05,k2:31.999974999980466,k3:31.999974999980466
lambda11:0,lambda22:0,lambda33:0
lambda_register:0,0,0,319
usage:0,0,0,0,0,0,0,0,0,0,0,0,0,0,65535,202,0,0,0,0,0,0,65535,111,0,0,0,0,0,0,0,97
my_register:0,0,0,0,0,0,0,0,10107,127,0,1,0,0,0,1464,0,499,32,0,0,0,76,0,499,32,235,0
mu1:0,mu2:0,mu3:0
omega1:300,omega2:300,omega3:300
k1:21,k2:21,k3:21
lambda_register:0,416,0,0
usage:0,0,0,0,0,0,0,0,0,0,0,0,0,0,0,81,0,0,0,0,0,0,0,0,0,0,0,0,0,0,0,0
my_register:0,0,0,0,0,0,0,0,612365,87,300,21,0,0,0,0,0,300,21,0,0,0,0,0,300,21,0,0
mu1:0,mu2:0,mu3:0
omega1:300,omega2:300,omega3:300
k1:21,k2:21,k3:21
lambda_register:0,462,55,0
usage:0,0,0,0,0,0,0,0,0,0,0,0,0,0,0,176,0,0,0,0,0,0,0,43,0,0,0,0,0,0,0,0
my_register:0,0,0,0,0,0,0,0,551463,203,300,21,0,0,0,512702,43,300,21,0,0,0,0,0,300,21,0,0
mu1:0,mu2:0,mu3:0
omega1:300,omega2:300,omega3:300
k1:21,k2:21,k3:21
lambda_register:0,259,241,0
usage:0,0,0,0,0,0,0,0,0,0,0,0,0,0,0,266,0,0,0,0,0,0,0,124,0,0,0,0,0,0,0,0
my_register:0,0,0,0,0,0,0,0,554559,293,300,21,0,0,0,562400,130,300,21,0,0,0,0,0,300,21,0,0
mu1:62.117468713064305,mu2:62.26734150139372,mu3:59.49162391678355
omega1:337.82180411834634,omega2:338.6368775073726,omega3:323.54131837428105
k1:21.620595463574166,k2:21.672760160471846,k3:20.70664437595399
lambda11:61.44834016151485,lambda22:54.960056652531115,lambda33:58.85078093103432
lambda_register:0,150,162,282
usage:0,0,0,0,0,0,0,0,0,0,0,0,0,0,0,305,0,0,0,0,0,0,0,167,0,0,0,0,0,0,0,101
my_register:0,0,0,0,0,0,0,0,551133,333,337,22,64,61,0,632549,172,338,22,71,54,0,739687,106,323,21,139,58
mu1:63.89772323581111,mu2:63.60972003550119,mu3:54.555366334051726
omega1:350.96527058060144,omega2:349.38338133625666,omega3:299.6513480831419
k1:22.461777317158493,k2:22.360536405520428,k3:19.177686277321083
lambda11:63.20941779255213,lambda22:40.707022083308104,lambda33:53.96788841284872
lambda_register:0,113,180,190
usage:0,0,0,0,0,0,0,0,0,0,0,0,0,0,0,318,0,0,0,0,0,0,0,206,0,0,0,0,0,0,0,121
my_register:0,0,0,0,0,0,0,0,509085,345,350,23,58,63,0,644487,204,349,23,100,40,0,561603,130,299,20,91,53
mu1:57.34803620152036,mu2:55.90641603537667,mu3:53.642716306138595
omega1:343.6129965664022,omega2:334.97522170941323,omega3:321.41178172418444
k1:21.991231780249745,k2:21.438414189402447,k3:20.570354030347804
lambda11:56.73028391238581,lambda22:17.55425540018989,lambda33:53.06487774536231
lambda_register:0,153,153,186
usage:0,0,0,0,0,0,0,0,0,0,0,0,0,0,63,351,0,0,0,0,0,0,0,232,0,0,0,0,0,0,0,177
my_register:0,0,0,0,0,0,0,0,640895,416,343,22,76,56,0,554680,223,334,22,73,17,0,550989,183,321,21,100,53
mu1:60.78114858473548,mu2:49.073590567668525,mu3:52.498620377693975
omega1:374.37567513635304,omega2:302.26409055964734,omega3:323.3602343039996
k1:23.960043208726592,k2:19.34490179581743,k3:20.695054995455976
lambda11:60.12641485203132,lambda22:22.036054706479423,lambda33:51.933086990480255
lambda_register:0,143,201,194
usage:0,0,0,0,0,0,0,0,0,0,0,0,0,0,183,375,0,0,0,0,0,0,0,279,0,0,0,0,0,0,0,145
my_register:0,0,0,0,0,0,0,0,416766,545,374,24,75,60,0,418768,260,302,20,101,22,0,423376,152,323,21,117,51
mu1:0,mu2:0,mu3:0
omega1:300,omega2:300,omega3:300
k1:21,k2:21,k3:21
lambda_register:0,108,107,135
usage:0,0,0,0,0,0,0,0,0,0,0,0,0,0,273,375,0,0,0,0,0,0,0,265,0,0,0,0,0,0,0,141
my_register:0,0,0,0,0,0,0,0,6908001,627,300,21,75,60,0,729,232,300,21,101,22,0,20706,136,300,21,117,51
mu1:0,mu2:0,mu3:0
omega1:300,omega2:300,omega3:300
k1:21,k2:21,k3:21
lambda_register:0,133,164,143
usage:0,0,0,0,0,0,0,0,0,0,0,0,0,88,301,375,0,0,0,0,0,0,47,301,0,0,0,0,0,0,0,148
my_register:0,0,0,0,0,0,0,0,2681185,701,300,21,75,60,0,243633,279,300,21,101,22,0,9725,136,300,21,117,51
mu1:62.58664899311577,mu2:58.170976661611256,mu3:57.9152917735639
omega1:350.28615357016525,omega2:325.57243424962684,omega3:324.1414121802079
k1:22.418313828490575,k2:20.836635791976118,k3:20.745050379533303
lambda11:61.91246643524927,lambda22:27.39416972968025,lambda33:0.4301681826901914
lambda_register:0,113,172,160
usage:0,0,0,0,0,0,0,0,0,0,0,0,0,182,321,375,0,0,0,0,0,0,14,320,0,0,0,0,0,0,0,158
my_register:0,0,0,0,0,0,0,0,2432202,794,350,23,59,61,0,563865,251,325,21,104,27,0,4818,137,324,21,80,0
mu1:61.96477058399478,mu2:55.035368041963686,mu3:62.77426004632907
omega1:344.68072785464267,omega2:306.13573705946965,omega3:349.1835350858876
k1:22.059566582697133,k2:19.59268717180606,k3:22.34774624549681
lambda11:61.2972868893673,lambda22:27.746178986136282,lambda33:62.09805654574758
lambda_register:0,141,126,187
usage:0,0,0,0,0,0,0,0,0,0,0,0,0,229,351,375,0,0,0,0,0,0,10,326,0,0,0,0,0,0,0,163
my_register:0,0,0,0,0,0,0,0,5795114,823,344,23,77,61,0,78524,251,306,20,65,27,0,3118,137,349,23,113,62
mu1:0,mu2:0,mu3:0
omega1:300,omega2:300,omega3:300
k1:21,k2:21,k3:21
lambda_register:0,117,152,146
usage:0,0,0,0,0,0,0,0,0,0,0,0,0,341,351,375,0,0,0,0,0,0,69,326,0,0,0,0,0,0,0,159
my_register:0,0,0,0,0,0,0,0,2870420,935,300,21,77,61,0,1071643,314,300,21,65,27,0,7203,136,300,21,113,62
mu1:55.47876432733023,mu2:54.62451674461541,mu3:59.10942594295069
omega1:327.86405528307193,omega2:322.8156898394554,omega3:349.3202548774726
k1:20.983299538116604,k2:20.660204149725143,k3:22.35649631215825
lambda11:54.88114777473612,lambda22:44.91334253967237,lambda33:58.47269998499643
lambda_register:0,160,188,165
usage:0,0,0,0,0,0,0,0,0,0,0,0,0,502,351,375,0,0,0,0,0,0,11,326,0,0,0,0,0,0,0,167
my_register:0,0,0,0,0,0,0,0,2870420,1095,327,21,87,54,0,224286,262,322,21,99,44,0,15853,140,349,23,94,58
mu1:0,mu2:0,mu3:0
omega1:300,omega2:300,omega3:300
k1:21,k2:21,k3:21
lambda_register:0,145,108,174
usage:0,0,0,0,0,0,0,0,0,0,0,0,0,537,351,375,0,0,0,0,0,0,3,326,0,0,0,0,0,0,0,165
my_register:0,0,0,0,0,0,0,0,1614782,1136,300,21,87,54,0,264,252,300,21,99,44,0,2893,137,300,21,94,58
mu1:0,mu2:0,mu3:0
omega1:300,omega2:300,omega3:300
k1:21,k2:21,k3:21
lambda_register:0,206,132,93
usage:0,0,0,0,0,0,0,0,0,0,0,0,0,595,351,375,0,0,0,0,0,0,10,326,0,0,0,0,0,0,0,158
my_register:0,0,0,0,0,0,0,0,557806,1226,300,21,87,54,0,16987,253,300,21,99,44,0,11266,136,300,21,94,58
mu1:0,mu2:0,mu3:0
omega1:300,omega2:300,omega3:300
k1:21,k2:21,k3:21
lambda_register:0,150,178,135
usage:0,0,0,0,0,0,0,0,0,0,0,0,0,641,351,375,0,0,0,0,0,0,4,326,0,0,0,0,0,0,0,163
my_register:0,0,0,0,0,0,0,0,1345159,1278,300,21,87,54,0,285,252,300,21,99,44,0,12348,136,300,21,94,58
mu1:0,mu2:0,mu3:0
omega1:300,omega2:300,omega3:300
k1:21,k2:21,k3:21
lambda_register:0,178,91,105
usage:0,0,0,0,0,0,0,0,0,0,0,0,0,672,351,375,0,0,0,0,0,0,5,326,0,0,0,0,0,0,0,173
my_register:0,0,0,0,0,0,0,0,799019,1315,300,21,87,54,0,14103,253,300,21,99,44,0,7462,136,300,21,94,58
mu1:61.77409097404843,mu2:54.040216025967055,mu3:51.252967690637895
omega1:369.7557830426763,omega2:323.46380298612934,omega3:306.78041397119443
k1:23.66437011473128,k2:20.70168339111228,k3:19.633946494156444
lambda11:61.108661279984325,lambda22:33.278966841420385,lambda33:0.2576736597654017
lambda_register:0,124,191,133
usage:0,0,0,0,0,0,0,0,0,0,0,0,0,707,369,375,0,0,0,0,0,0,20,326,0,0,0,0,0,0,0,180
my_register:0,0,0,0,0,0,0,0,1780080,1368,369,24,85,61,0,499180,275,323,21,143,33,0,40,137,306,20,111,0
mu1:0,mu2:0,mu3:0
omega1:300,omega2:300,omega3:300
k1:21,k2:21,k3:21
lambda_register:0,172,164,135
usage:0,0,0,0,0,0,0,0,0,0,0,0,0,866,370,375,0,0,0,0,0,0,65533,138,0,0,0,0,0,0,0,186
my_register:0,0,0,0,0,0,0,0,3332335,1509,300,21,85,61,0,106757,261,300,21,143,33,0,165111,136,300,21,111,0
mu1:0,mu2:0,mu3:0
omega1:300,omega2:300,omega3:300
k1:21,k2:21,k3:21
lambda_register:0,135,148,154
usage:0,0,0,0,0,0,0,0,0,0,0,0,0,899,370,375,0,0,0,0,0,0,65533,287,0,0,0,0,0,0,0,201
my_register:0,0,0,0,0,0,0,0,1428915,1545,300,21,85,61,0,8883,252,300,21,143,33,0,9492,136,300,21,111,0
mu1:0,mu2:0,mu3:0
omega1:300,omega2:300,omega3:300
k1:21,k2:21,k3:21
lambda_register:0,130,126,115
usage:0,0,0,0,0,0,0,0,0,0,0,0,0,866,370,375,0,0,0,0,0,54,65533,301,0,0,0,0,0,0,0,209
my_register:0,0,0,0,0,0,0,0,729334,1520,300,21,85,61,0,667451,307,300,21,143,33,0,11780,137,300,21,111,0
mu1:60.9358898950383,mu2:52.17790130338324,mu3:61.27647096305862
omega1:349.42254882680027,omega2:299.2019202027924,omega3:351.3755309704073
k1:22.363043124915215,k2:19.148922892978714,k3:22.488033982106067
lambda11:0.0001,lambda22:0.0001,lambda33:60.344669280597266
lambda_register:0,169,181,263
usage:0,0,0,0,0,0,0,0,0,0,0,0,0,930,370,375,0,0,0,0,0,90,65533,301,0,0,0,0,0,0,0,196
my_register:0,0,0,0,0,0,0,0,520594,1583,349,23,129,0,0,514902,342,299,20,127,0,0,4325,136,351,23,180,60
mu1:0,mu2:0,mu3:0
omega1:300,omega2:300,omega3:300
k1:21,k2:21,k3:21
lambda_register:0,164,305,421
usage:0,0,0,0,0,0,0,0,0,0,0,0,0,905,370,375,0,0,0,0,0,208,65533,301,0,0,0,0,0,0,0,203
my_register:0,0,0,0,0,0,0,0,288680,1554,300,21,129,0,0,294712,458,300,21,127,0,0,168872,215,300,21,180,60
mu1:0.0001,mu2:1.0357714011086896,mu3:63.9999
omega1:0.0015376153437659582,omega2:15.926179989786858,omega3:984.0722823948693
k1:9.840738200102132e-05,k2:1.019275519346359,k3:62.98062607327164
lambda11:0,lambda22:0,lambda33:0
lambda_register:0,0,0,33
usage:0,0,0,0,0,0,0,0,0,0,0,0,0,905,370,375,0,0,0,0,0,144,65533,301,0,0,0,0,0,0,0,147
my_register:0,0,0,0,0,0,0,0,288680,1554,0,1,0,0,0,965464,394,15,2,0,0,0,131712,163,984,63,25,0
