mu1:0,mu2:0,mu3:0
omega1:300,omega2:300,omega3:300
k1:21,k2:21,k3:21
lambda_register:0,428,0,0
usage:0,0,0,0,0,0,0,0,0,0,0,0,0,0,0,167,0,0,0,0,0,0,0,0,0,0,0,0,0,0,0,0
my_register:0,0,0,0,0,0,0,0,678827,154,300,21,0,0,0,0,0,300,21,0,0,0,0,0,300,21,0,0
mu1:0,mu2:0,mu3:0
omega1:300,omega2:300,omega3:300
k1:21,k2:21,k3:21
lambda_register:0,521,0,0
usage:0,0,0,0,0,0,0,0,0,0,0,0,0,0,14,301,0,0,0,0,0,0,0,0,0,0,0,0,0,0,0,0
my_register:0,0,0,0,0,0,0,0,400407,258,300,21,0,0,0,0,0,300,21,0,0,0,0,0,300,21,0,0
mu1:0,mu2:0,mu3:0
omega1:300,omega2:300,omega3:300
k1:21,k2:21,k3:21
lambda_register:0,285,171,0
usage:0,0,0,0,0,0,0,0,0,0,0,0,0,0,55,301,0,0,0,0,0,0,46,65535,0,0,0,0,0,0,0,0
my_register:0,0,0,0,0,0,0,0,490918,260,300,21,0,0,0,485716,45,300,21,0,0,0,0,0,300,21,0,0
mu1:0,mu2:0,mu3:0
omega1:300,omega2:300,omega3:300
k1:21,k2:21,k3:21
lambda_register:0,212,120,80
usage:0,0,0,0,0,0,0,0,0,0,0,0,0,0,91,301,0,0,0,0,0,0,78,65535,0,0,0,0,0,0,20,65534
my_register:0,0,0,0,0,0,0,0,704405,315,300,21,0,0,0,704569,80,300,21,0,0,0,158,19,300,21,0,0
mu1:0,mu2:0,mu3:0
omega1:300,omega2:300,omega3:300
k1:21,k2:21,k3:21
lambda_register:0,168,74,151
usage:0,0,0,0,0,0,0,0,0,0,0,0,0,0,72,301,0,0,0,0,0,0,63,65535,0,0,0,0,0,0,10,65534
my_register:0,0,0,0,0,0,0,0,62,296,300,21,0,0,0,47,66,300,21,0,0,0,521,14,300,21,0,0
mu1:59.60787013459056,mu2:46.68731221314901,mu3:52.629102345558344
omega1:375.07087258329074,omega2:293.7707871597417,omega3:331.1583402569676
k1:24.004535845330604,k2:18.801330378223465,k3:21.194133776445927
lambda11:58.96577494394865,lambda22:45.81379618952059,lambda33:52.06217799602012
lambda_register:0,135,149,285
usage:0,0,0,0,0,0,0,0,0,0,0,0,0,0,71,344,0,0,0,0,0,0,65,65535,0,0,0,0,0,0,7,65534
my_register:0,0,0,0,0,0,0,0,33,296,375,25,75,58,0,34,66,293,19,83,45,0,36,14,331,22,154,52
mu1:63.946559523045174,mu2:46.03776520577166,mu3:48.0270886252135
omega1:404.6958264955872,omega2:291.3572141945365,omega3:303.94695930987626
k1:25.900532895717582,k2:18.646861708450338,k3:19.452605395832084
lambda11:63.25772803080925,lambda22:20.86235374367285,lambda33:46.86673439376929
lambda_register:0,101,122,282
usage:0,0,0,0,0,0,0,0,0,0,0,0,0,0,71,385,0,0,0,0,0,0,64,65535,0,0,0,0,0,0,10,65534
my_register:0,0,0,0,0,0,0,0,35,296,404,26,59,63,0,3462,66,291,19,74,20,0,10438,14,303,20,163,46
mu1:63.97404418194257,mu2:50.358904776671245,mu3:55.38173881886368
omega1:376.95054576432744,omega2:296.72685043441646,omega3:326.3226038012562
k1:24.124834928916957,k2:18.99051842780265,k3:20.884646643280398
lambda11:63.284916626387755,lambda22:32.48035190584148,lambda33:14.791359809402131
lambda_register:0,115,102,311
usage:0,0,0,0,0,0,0,0,0,0,0,0,0,0,67,405,0,0,0,0,0,0,63,65535,0,0,0,0,0,0,12,65534
my_register:0,0,0,0,0,0,0,0,40,296,376,25,53,63,0,32,66,296,19,46,32,0,40,14,326,21,149,14
mu1:63.11155160388862,mu2:49.1170606058984,mu3:37.3402785667615
omega1:421.95640601611063,omega2:328.39088630588185,omega3:249.65270767800746
k1:27.005209985031083,k2:21.017016723576436,k3:15.977773291392479
lambda11:62.43171480001256,lambda22:3.197811625812809,lambda33:23.049187269071567
lambda_register:0,101,120,253
usage:0,0,0,0,0,0,0,0,0,0,0,0,0,0,67,417,0,0,0,0,0,0,66,65535,0,0,0,0,0,0,20,65534
my_register:0,0,0,0,0,0,0,0,5525,296,421,28,50,62,0,174801,70,328,22,55,3,0,153907,18,249,16,121,23
mu1:62.500070834928096,mu2:57.64625164232254,mu3:48.42079475967558
omega1:370.7726148456484,omega2:341.97803573575374,omega3:287.24934941859794
k1:23.729447350121497,k2:21.88659428708824,k3:18.383958362790267
lambda11:61.82682090326915,lambda22:13.565620948696601,lambda33:47.83200560447732
lambda_register:0,90,146,335
usage:0,0,0,0,0,0,0,0,0,0,0,0,0,0,66,422,0,0,0,0,0,0,61,65535,0,0,0,0,0,0,21,65534
my_register:0,0,0,0,0,0,0,0,1674,296,370,24,34,61,0,1677,66,341,22,64,13,0,2150,14,287,19,148,47
mu1:45.06894009167031,mu2:17.87495527037736,mu3:63.69459746987195
omega1:355.8865798528403,omega2:141.14946309493604,omega3:502.96395705222363
k1:22.776741110581778,k2:9.033565638075906,k3:32.18969325134231
lambda11:8.655704850983991,lambda22:15.724096198604812,lambda33:61.93007178886821
lambda_register:0,31,129,281
usage:0,0,0,0,0,0,0,0,0,0,0,0,0,0,67,422,0,0,0,0,0,0,62,65535,0,0,0,0,0,0,23,65534
my_register:0,0,0,0,0,0,0,0,95,296,355,23,22,8,0,269,67,141,10,87,15,0,1389,15,502,33,196,61
mu1:18.476602376563847,mu2:41.56071133862799,mu3:63.19559168502399
omega1:149.9323765560711,omega2:337.2533594306963,omega3:512.8142640132326
k1:9.59567209958855,k2:21.584215003564566,k3:32.82011289684689
lambda11:1.8955542352735062,lambda22:36.62445363668725,lambda33:62.57652574208006
lambda_register:0,21,172,398
usage:0,0,0,0,0,0,0,0,0,0,0,0,0,0,67,422,0,0,0,0,0,0,59,65535,0,0,0,0,0,0,30,65534
my_register:0,0,0,0,0,0,0,0,5039,296,149,10,7,1,0,3688,66,337,22,62,36,0,49,16,512,33,155,62
mu1:1.9974985453821483,mu2:1.997498545382117,mu3:63.9999
omega1:29.377183154138024,omega2:29.377183154137565,omega3:941.2456336917245
k1:1.8801397218648337,k2:1.8801397218648042,k3:60.23972055627037
lambda11:0,lambda22:0,lambda33:0
lambda_register:0,6,141,270
usage:0,0,0,0,0,0,0,0,0,0,0,0,0,0,0,0,0,0,0,0,0,0,0,0,0,0,0,0,0,0,27,65534
my_register:0,0,0,0,0,0,0,0,33,296,29,2,3,0,0,33,66,29,2,81,0,0,37,14,941,61,134,0
mu1:63.9999,mu2:1.4960349387177843,mu3:1.496034938717788
omega1:955.3368876462406,omega2:22.33155617687969,omega3:22.331556176879744
k1:61.1415608093594,k2:1.4292195953203002,k3:1.4292195953203037
lambda11:0,lambda22:0,lambda33:0
lambda_register:0,5,100,297
usage:0,0,0,0,0,0,0,0,0,0,0,0,0,0,0,0,0,0,0,0,0,0,0,0,0,0,0,0,0,0,0,1
my_register:0,0,0,0,0,0,0,0,33,296,955,62,2,0,0,69,66,22,2,50,0,0,35,15,22,2,149,0
mu1:63.9999,mu2:2.4982452796473895,mu3:63.9999
omega1:490.4280356295995,omega2:19.14392874080098,omega3:490.4280356295995
k1:31.38739428029437,k2:1.2252114394112628,k3:31.38739428029437
lambda11:62.697985055235115,lambda22:2.1534061328167096,lambda33:22.74957299174685
lambda_register:0,7,151,313
usage:0,0,0,0,0,0,0,0,0,0,0,0,0,0,0,0,0,0,0,0,0,0,1,65535,0,0,0,0,0,0,0,2
my_register:0,0,0,0,0,0,0,0,4104,296,490,32,2,62,0,102,66,19,2,64,2,0,34,14,490,32,125,22
mu1:63.9999,mu2:3.4921424164640094,mu3:3.492142416464013
omega1:901.6078743544554,omega2:49.19606282277233,omega3:49.19606282277238
k1:57.70290395868515,k2:3.1485480206574294,k3:3.1485480206574326
lambda11:40.88568983271653,lambda22:0.11505855288757011,lambda33:1.4500086727375163
lambda_register:0,11,174,381
usage:0,0,0,0,0,0,0,0,0,0,0,0,0,0,0,0,0,0,0,0,0,0,3,65535,0,0,0,0,0,0,0,10
my_register:0,0,0,0,0,0,0,0,17753,296,901,58,4,40,0,116007,67,49,4,73,0,0,25540,17,49,4,161,1
mu1:63.9999,mu2:1.987518256986582,mu3:1.9875182569865815
omega1:941.5220268259312,omega2:29.238986587034493,omega3:29.238986587034486
k1:60.2574097168596,k2:1.8712951415702075,k3:1.871295141570207
lambda11:0,lambda22:0,lambda33:0
lambda_register:0,7,122,284
usage:0,0,0,0,0,0,0,0,0,0,0,0,0,0,0,0,0,0,0,0,0,0,0,0,0,0,0,0,0,0,0,25
my_register:0,0,0,0,0,0,0,0,49,296,941,61,3,0,0,34,66,29,2,55,0,0,33,14,29,2,125,0
mu1:63.9999,mu2:1.499536478747209,mu3:63.9999
omega1:494.2102542008264,omega2:11.579491598347346,omega3:494.2102542008264
k1:31.62945626885289,k2:0.7410874622942302,k3:31.62945626885289
lambda11:14.071853903181756,lambda22:0.8547217497031203,lambda33:61.4708967430246
lambda_register:0,5,114,322
usage:0,0,0,0,0,0,0,0,0,0,0,0,0,0,0,0,0,0,0,0,0,0,1,65535,0,0,0,0,0,0,0,0
my_register:0,0,0,0,0,0,0,0,181,296,494,32,2,14,0,8675,67,11,1,50,0,0,16496,14,494,32,151,61
mu1:49.449168989548085,mu2:50.739019395865775,mu3:63.513184088254626
omega1:302.06936107088546,omega2:309.94864996643315,omega3:387.98198896268127
k1:19.332439108536672,k2:19.836713597851723,k3:24.8308472936116
lambda11:48.939287869250506,lambda22:26.99678646119951,lambda33:62.8290209062459
lambda_register:0,99,134,243
usage:0,0,0,0,0,0,0,0,0,0,0,0,0,0,0,0,0,0,0,0,0,0,0,2,0,0,0,0,0,0,0,12
my_register:0,0,0,0,0,0,0,0,31,296,302,20,56,48,0,35,66,309,20,73,26,0,35,14,387,25,135,62
mu1:0,mu2:0,mu3:0
omega1:300,omega2:300,omega3:300
k1:21,k2:21,k3:21
lambda_register:0,164,128,299
usage:0,0,0,0,0,0,0,0,0,0,0,0,0,0,65535,62,0,0,0,0,0,0,0,1,0,0,0,0,0,0,0,18
my_register:0,0,0,0,0,0,0,0,39,296,300,21,56,48,0,45,66,300,21,73,26,0,36,16,300,21,135,62
mu1:42.12918808681751,mu2:44.24481919508083,mu3:63.87692801509462
omega1:280.3921852702148,omega2:294.472837108298,omega3:425.13497762148717
k1:17.945099857293748,k2:18.84626157493107,k3:27.20863856777518
lambda11:0.0001,lambda22:0.0001,lambda33:63.18884658767055
lambda_register:0,39,81,776
usage:0,0,0,0,0,0,0,0,0,0,0,0,0,0,65535,101,0,0,0,0,0,0,0,0,0,0,0,0,0,0,0,32
my_register:0,0,0,0,0,0,0,0,55445,296,280,18,23,0,0,614,66,294,19,49,0,0,32,14,425,28,632,63
mu1:0.0001,mu2:63.9999,mu3:63.9999
omega1:0.0007812506103520394,omega2:499.9996093746948,omega3:499.9996093746948
k1:5.000003906253052e-05,k2:31.999974999980466,k3:31.999974999980466
lambda11:0,lambda22:0,lambda33:0
lambda_register:0,0,0,120
usage:0,0,0,0,0,0,0,0,0,0,0,0,0,0,65535,101,0,0,0,0,0,0,0,0,0,0,0,0,0,0,0,36
my_register:0,0,0,0,0,0,0,0,55445,296,0,1,0,0,0,614,66,499,32,0,0,0,59,14,499,32,79,0
mu1:0,mu2:0,mu3:0
omega1:300,omega2:300,omega3:300
k1:21,k2:21,k3:21
lambda_register:0,310,0,0
usage:0,0,0,0,0,0,0,0,0,0,0,0,0,0,0,154,0,0,0,0,0,0,0,0,0,0,0,0,0,0,0,0
my_register:0,0,0,0,0,0,0,0,732377,97,300,21,0,0,0,0,0,300,21,0,0,0,0,0,300,21,0,0
mu1:0,mu2:0,mu3:0
omega1:300,omega2:300,omega3:300
k1:21,k2:21,k3:21
lambda_register:0,293,116,0
usage:0,0,0,0,0,0,0,0,0,0,0,0,0,0,0,160,0,0,0,0,0,0,0,78,0,0,0,0,0,0,0,0
my_register:0,0,0,0,0,0,0,0,589498,106,300,21,0,0,0,580351,77,300,21,0,0,0,0,0,300,21,0,0
mu1:0,mu2:0,mu3:0
omega1:300,omega2:300,omega3:300
k1:21,k2:21,k3:21
lambda_register:0,238,263,113
usage:0,0,0,0,0,0,0,0,0,0,0,0,0,0,0,248,0,0,0,0,0,0,0,100,0,0,0,0,0,0,0,49
my_register:0,0,0,0,0,0,0,0,284766,191,300,21,0,0,0,388597,88,300,21,0,0,0,276444,46,300,21,0,0
mu1:0,mu2:0,mu3:0
omega1:300,omega2:300,omega3:300
k1:21,k2:21,k3:21
lambda_register:0,121,274,526
usage:0,0,0,0,0,0,0,0,0,0,0,0,0,0,0,242,0,0,0,0,0,0,0,198,0,0,0,0,0,0,0,122
my_register:0,0,0,0,0,0,0,0,187494,193,300,21,0,0,0,169922,193,300,21,0,0,0,122909,204,300,21,0,0
mu1:0,mu2:0,mu3:0
omega1:300,omega2:300,omega3:300
k1:21,k2:21,k3:21
lambda_register:0,160,0,0
usage:0,0,0,0,0,0,0,0,0,0,0,0,0,0,0,46,0,0,0,0,0,0,0,0,0,0,0,0,0,0,0,0
my_register:0,0,0,0,0,0,0,0,51969,14,300,21,0,0,0,0,0,300,21,0,0,0,0,0,300,21,0,0
mu1:0,mu2:0,mu3:0
omega1:300,omega2:300,omega3:300
k1:21,k2:21,k3:21
lambda_register:0,490,0,0
usage:0,0,0,0,0,0,0,0,0,0,0,0,0,0,0,176,0,0,0,0,0,0,0,0,0,0,0,0,0,0,0,0
my_register:0,0,0,0,0,0,0,0,398168,87,300,21,0,0,0,0,0,300,21,0,0,0,0,0,300,21,0,0
mu1:0,mu2:0,mu3:0
omega1:300,omega2:300,omega3:300
k1:21,k2:21,k3:21
lambda_register:0,504,0,0
usage:0,0,0,0,0,0,0,0,0,0,0,0,0,0,64,301,0,0,0,0,0,0,0,0,0,0,0,0,0,0,0,0
my_register:0,0,0,0,0,0,0,0,390961,154,300,21,0,0,0,0,0,300,21,0,0,0,0,0,300,21,0,0
mu1:0,mu2:0,mu3:0
omega1:300,omega2:300,omega3:300
k1:21,k2:21,k3:21
lambda_register:0,153,137,135
usage:0,0,0,0,0,0,0,0,0,0,0,0,0,0,35,301,0,0,0,0,0,0,0,0,0,0,0,0,0,0,0,1
my_register:0,0,0,0,0,0,0,0,50,127,300,21,0,0,0,37,0,300,21,0,0,0,53,1,300,21,0,0
mu1:59.92990333820032,mu2:46.531525321435,mu3:40.415813402391876
omega1:408.0271558536723,omega2:316.80554909782717,omega3:275.1672950485006
k1:26.113737974635026,k2:20.275555142260938,k3:17.610706883104037
lambda11:59.28433920503322,lambda22:14.238004570046225,lambda33:0.009949301499186405
lambda_register:0,142,114,291
usage:0,0,0,0,0,0,0,0,0,0,0,0,0,0,35,356,0,0,0,0,0,0,65535,85,0,0,0,0,0,0,0,2
my_register:0,0,0,0,0,0,0,0,2018,128,408,27,59,59,0,34,0,316,21,43,14,0,39,0,275,18,114,0
mu1:61.58577852536961,mu2:50.800587582866754,mu3:55.72054137924872
omega1:366.3488874182903,omega2:302.1921486875765,omega3:331.4589638941333
k1:23.44632879477058,k2:19.340297516004895,k3:21.213373689224532
lambda11:60.92237733103275,lambda22:16.354448717668195,lambda33:55.120318221089136
lambda_register:0,117,169,318
usage:0,0,0,0,0,0,0,0,0,0,0,0,0,0,35,409,0,0,0,0,0,0,65535,254,0,0,0,0,0,0,0,2
my_register:0,0,0,0,0,0,0,0,53,127,366,24,48,60,0,35,0,302,20,76,16,0,35,0,331,22,136,55
mu1:42.829688710608615,mu2:44.73652665240196,mu3:61.251232229960145
omega1:287.80018340155726,omega2:300.6134520917227,omega3:411.58636450672
k1:18.419211737699666,k2:19.239260933870256,k3:26.34152732843008
lambda11:10.870597276309102,lambda22:25.785600211308804,lambda33:60.59143476304186
lambda_register:0,115,106,241
usage:0,0,0,0,0,0,0,0,0,0,0,0,0,0,34,409,0,0,0,0,0,0,0,1,0,0,0,0,0,0,0,4
my_register:0,0,0,0,0,0,0,0,14600,127,287,19,56,10,0,33,0,300,20,52,25,0,1438,1,411,27,118,60
mu1:62.56946693506976,mu2:34.57588973336043,mu3:31.5095000396016
omega1:486.3358332213169,omega2:268.7491993545696,omega3:244.91496742411354
k1:31.12549332616428,k2:17.199948758692457,k3:15.674557915143266
lambda11:54.480044597062744,lambda22:12.955691932042779,lambda33:14.848817480726725
lambda_register:0,104,137,267
usage:0,0,0,0,0,0,0,0,0,0,0,0,0,0,33,433,0,0,0,0,0,0,0,0,0,0,0,0,0,0,0,0
my_register:0,0,0,0,0,0,0,0,53,127,486,32,46,54,0,49,0,268,18,60,12,0,35,0,244,16,112,14
mu1:31.42019247404979,mu2:28.604882061631415,mu3:63.764092692228125
omega1:253.8202104244049,omega2:231.07742545005343,omega3:515.1023641255417
k1:16.244493467161913,k2:14.788955228803419,k3:32.96655130403467
lambda11:19.050178375585656,lambda22:24.837235303898524,lambda33:60.43485255182646
lambda_register:0,76,161,347
usage:0,0,0,0,0,0,0,0,0,0,0,0,0,0,32,487,0,0,0,0,0,0,0,0,0,0,0,0,0,0,65535,28
my_register:0,0,0,0,0,0,0,0,79,127,253,17,30,19,0,4680,0,231,15,64,24,0,7049,0,515,33,134,60
mu1:63.35765182678736,mu2:38.926775117895474,mu3:51.282110783988884
omega1:412.574593162545,omega2:253.4847480033251,omega3:333.9406588341298
k1:26.40477396240288,k2:16.223023872212806,k3:21.372202165384305
lambda11:62.67516403532995,lambda22:28.87679499800056,lambda33:0.0001
lambda_register:0,40,191,420
usage:0,0,0,0,0,0,0,0,0,0,0,0,0,0,31,487,0,0,0,0,0,0,0,2,0,0,0,0,0,0,0,6
my_register:0,0,0,0,0,0,0,0,30591,127,412,27,14,62,0,16608,0,253,17,78,28,0,24353,0,333,22,164,0
mu1:35.6990474499926,mu2:14.124734710552541,mu3:63.592025885749884
omega1:314.76253676578017,omega2:124.53938259459376,omega3:560.6980806396261
k1:20.14480235300993,k2:7.970520486054001,k3:35.88467716093607
lambda11:20.762943038180655,lambda22:4.939268098243139,lambda33:59.59832990456577
lambda_register:0,19,182,424
usage:0,0,0,0,0,0,0,0,0,0,0,0,0,0,30,487,0,0,0,0,0,0,0,1,0,0,0,0,0,0,0,21
my_register:0,0,0,0,0,0,0,0,36,127,314,21,6,20,0,32,0,124,8,67,4,0,39,0,560,36,150,59
mu1:63.9999,mu2:2.992847014689758,mu3:63.9999
omega1:488.5762785816744,omega2:22.847442836651243,omega3:488.5762785816744
k1:31.268881829227162,k2:1.4622363415456796,k3:31.268881829227162
lambda11:58.90374493387518,lambda22:0.9228517617393284,lambda33:45.87900127997063
lambda_register:0,10,166,384
usage:0,0,0,0,0,0,0,0,0,0,0,0,0,0,30,489,0,0,0,0,0,0,0,1,0,0,0,0,0,0,0,30
my_register:0,0,0,0,0,0,0,0,91682,127,488,32,4,58,0,40634,1,22,2,70,0,0,50003,3,488,32,156,45
mu1:2.4957915578382543,mu2:2.495791557838249,mu3:63.9999
omega1:36.17535737931036,omega2:36.175357379310285,omega3:927.6492852413793
k1:2.3152228722758634,k2:2.3152228722758585,k3:59.36955425544828
lambda11:0,lambda22:0,lambda33:0
lambda_register:0,8,182,328
usage:0,0,0,0,0,0,0,0,0,0,0,0,0,0,30,489,0,0,0,0,0,0,0,1,0,0,0,0,0,0,0,35
my_register:0,0,0,0,0,0,0,0,6583,127,36,3,3,0,0,35,0,36,3,88,0,0,33,0,927,60,163,0
mu1:1.998274623977968,mu2:1.998274623977963,mu3:63.9999
omega1:29.387926076714063,omega2:29.38792607671399,omega3:941.224147846572
k1:1.8808272689096999,k2:1.8808272689096952,k3:60.23834546218061
lambda11:0,lambda22:0,lambda33:0
lambda_register:0,8,149,333
usage:0,0,0,0,0,0,0,0,0,0,0,0,0,0,0,0,0,0,0,0,0,0,0,1,0,0,0,0,0,0,0,46
my_register:0,0,0,0,0,0,0,0,64179,127,29,2,4,0,0,48,0,29,2,72,0,0,37,0,941,61,150,0
mu1:49.29192965638907,mu2:30.12323402743907,mu3:63.096082190551236
omega1:345.8809819109915,omega2:211.374434646316,omega3:442.7445834426926
k1:22.136382842303455,k2:13.527963817364224,k3:28.335653340332325
lambda11:32.98455181143936,lambda22:16.54744743964479,lambda33:62.41641202837309
lambda_register:0,94,104,242
usage:0,0,0,0,0,0,0,0,0,0,0,0,0,0,0,0,0,0,0,0,0,0,0,2,0,0,0,0,0,0,0,44
my_register:0,0,0,0,0,0,0,0,48,127,345,23,54,32,0,32,0,211,14,49,16,0,32,0,442,29,128,62
mu1:44.547775187083985,mu2:39.50075660604853,mu3:62.41274908131826
omega1:304.16076468204,omega2:269.70101838662254,omega3:426.1382169313375
k1:19.466288939650557,k2:17.26086517674384,k3:27.2728458836056
lambda11:5.345152449446358,lambda22:3.5916051890729648,lambda33:61.740439774832375
lambda_register:0,113,151,292
usage:0,0,0,0,0,0,0,0,0,0,0,0,0,0,0,65535,0,0,0,0,0,0,0,3,0,0,0,0,0,0,0,46
my_register:0,0,0,0,0,0,0,0,87021,127,304,20,49,5,0,11072,1,269,18,63,3,0,25070,3,426,28,119,61
mu1:63.51012149196742,mu2:58.18786334976311,mu3:61.73191810764912
omega1:346.2364667417069,omega2:317.2212513562795,omega3:336.5422819020136
k1:22.159133871469244,k2:20.302160086801887,k3:21.53870604172887
lambda11:62.8259912969622,lambda22:48.14939483470449,lambda33:61.06694275341947
lambda_register:0,107,115,252
usage:0,0,0,0,0,0,0,0,0,0,0,0,0,0,0,6,0,0,0,0,0,0,0,6,0,0,0,0,0,0,0,57
my_register:0,0,0,0,0,0,0,0,107017,133,346,23,50,62,0,110677,6,317,21,55,48,0,3463,7,336,22,118,61
mu1:41.705333421196045,mu2:28.66662399562895,mu3:63.992160480271274
omega1:310.3904083464931,omega2:213.35029354774235,omega3:476.2592981057646
k1:19.864986134175556,k2:13.65441878705551,k3:30.480595078768935
lambda11:23.56819323127819,lambda22:15.07575764182154,lambda33:63.79673593819626
lambda_register:0,91,123,213
usage:0,0,0,0,0,0,0,0,0,0,0,0,0,0,0,1,0,0,0,0,0,0,0,0,0,0,0,0,0,0,0,58
my_register:0,0,0,0,0,0,0,0,9038,127,310,20,46,23,0,98,0,213,14,59,15,0,93,1,476,31,105,63
mu1:0,mu2:0,mu3:0
omega1:300,omega2:300,omega3:300
k1:21,k2:21,k3:21
lambda_register:0,136,155,319
usage:0,0,0,0,0,0,0,0,0,0,0,0,0,0,65535,100,0,0,0,0,0,0,0,0,0,0,0,0,0,0,0,77
my_register:0,0,0,0,0,0,0,0,13667,129,300,21,46,23,0,13091,1,300,21,59,15,0,60,0,300,21,105,63
mu1:54.46752941910699,mu2:52.05933289587265,mu3:57.700349513131655
omega1:331.65958803535875,omega2:316.9957786920272,omega3:351.3446332726139
k1:21.226213634262958,k2:20.287729836289742,k3:22.486056529447293
lambda11:53.88080585713773,lambda22:13.616491337471937,lambda33:57.07880210779038
lambda_register:0,101,145,917
usage:0,0,0,0,0,0,0,0,0,0,0,0,0,0,65535,202,0,0,0,0,0,0,65535,111,0,0,0,0,0,0,0,95
my_register:0,0,0,0,0,0,0,0,10107,127,331,22,68,53,0,1464,0,316,21,98,13,0,72,1,351,23,874,57
mu1:0.0001,mu2:63.9999,mu3:63.9999
omega1:0.0007812506103520394,omega2:499.9996093746948,omega3:499.9996093746948
k1:5.000003906253052e-05,k2:31.999974999980466,k3:31.999974999980466
lambda11:0,lambda22:0,lambda33:0
lambda_register:0,0,0,319
usage:0,0,0,0,0,0,0,0,0,0,0,0,0,0,65535,202,0,0,0,0,0,0,65535,111,0,0,0,0,0,0,0,97
my_register:0,0,0,0,0,0,0,0,10107,127,0,1,0,0,0,1464,0,499,32,0,0,0,76,0,499,32,235,0
mu1:62.728514637697764,mu2:57.20851965805497,mu3:49.02284941134713
omega1:371.2627711465562,omega2:338.5923238277596,omega3:290.1449050256842
k1:23.760817353379597,k2:21.66990872497662,k3:18.569273921643788
lambda11:62.05280390473591,lambda22:7.372641443920745,lambda33:48.48783363272904
lambda_register:0,228,0,0
usage:0,0,0,0,0,0,0,0,0,0,0,0,0,0,0,107,0,0,0,0,0,0,0,0,0,0,0,0,0,0,0,0
my_register:0,0,0,0,0,0,0,0,254201,55,371,24,199,62,0,0,0,338,22,0,7,0,0,0,290,19,0,48
mu1:0,mu2:0,mu3:0
omega1:300,omega2:300,omega3:300
k1:21,k2:21,k3:21
lambda_register:0,862,0,0
usage:0,0,0,0,0,0,0,0,0,0,0,0,0,0,4,333,0,0,0,0,0,0,0,0,0,0,0,0,0,0,0,0
my_register:0,0,0,0,0,0,0,0,428047,362,300,21,199,62,0,0,0,300,21,0,7,0,0,0,300,21,0,48
mu1:0,mu2:0,mu3:0
omega1:300,omega2:300,omega3:300
k1:21,k2:21,k3:21
lambda_register:0,866,0,0
usage:0,0,0,0,0,0,0,0,0,0,0,0,0,0,186,333,0,0,0,0,0,0,0,0,0,0,0,0,0,0,0,0
my_register:0,0,0,0,0,0,0,0,371124,602,300,21,199,62,0,0,0,300,21,0,7,0,0,0,300,21,0,48
mu1:0,mu2:0,mu3:0
omega1:300,omega2:300,omega3:300
k1:21,k2:21,k3:21
lambda_register:0,775,0,0
usage:0,0,0,0,0,0,0,0,0,0,0,0,0,0,65498,0,0,0,0,0,0,0,0,0,0,0,0,0,0,0,0,0
my_register:0,0,0,0,0,0,0,0,112386,662,300,21,199,62,0,0,0,300,21,0,7,0,0,0,300,21,0,48
mu1:0,mu2:0,mu3:0
omega1:300,omega2:300,omega3:300
k1:21,k2:21,k3:21
lambda_register:0,455,0,0
usage:0,0,0,0,0,0,0,0,0,0,0,0,0,0,0,20,0,0,0,0,0,0,0,0,0,0,0,0,0,0,0,0
my_register:0,0,0,0,0,0,0,0,46309,11,300,21,0,0,0,0,0,300,21,0,0,0,0,0,300,21,0,0
mu1:0,mu2:0,mu3:0
omega1:300,omega2:300,omega3:300
k1:21,k2:21,k3:21
lambda_register:0,543,0,0
usage:0,0,0,0,0,0,0,0,0,0,0,0,0,0,0,88,0,0,0,0,0,0,0,0,0,0,0,0,0,0,0,0
my_register:0,0,0,0,0,0,0,0,403730,89,300,21,0,0,0,0,0,300,21,0,0,0,0,0,300,21,0,0
mu1:0,mu2:0,mu3:0
omega1:300,omega2:300,omega3:300
k1:21,k2:21,k3:21
lambda_register:0,426,58,0
usage:0,0,0,0,0,0,0,0,0,0,0,0,0,0,0,143,0,0,0,0,0,0,0,42,0,0,0,0,0,0,0,0
my_register:0,0,0,0,0,0,0,0,471091,161,300,21,0,0,0,473542,41,300,21,0,0,0,0,0,300,21,0,0
mu1:0,mu2:0,mu3:0
omega1:300,omega2:300,omega3:300
k1:21,k2:21,k3:21
lambda_register:0,174,271,135
usage:0,0,0,0,0,0,0,0,0,0,0,0,0,0,0,131,0,0,0,0,0,0,0,47,0,0,0,0,0,0,0,0
my_register:0,0,0,0,0,0,0,0,32,149,300,21,0,0,0,5818,50,300,21,0,0,0,47,0,300,21,0,0
mu1:0,mu2:0,mu3:0
omega1:300,omega2:300,omega3:300
k1:21,k2:21,k3:21
lambda_register:0,128,136,191
usage:0,0,0,0,0,0,0,0,0,0,0,0,0,0,0,126,0,0,0,0,0,0,0,45,0,0,0,0,0,0,1,65
my_register:0,0,0,0,0,0,0,0,42053,151,300,21,0,0,0,39926,51,300,21,0,0,0,49,0,300,21,0,0
mu1:0,mu2:0,mu3:0
omega1:300,omega2:300,omega3:300
k1:21,k2:21,k3:21
lambda_register:0,171,164,133
usage:0,0,0,0,0,0,0,0,0,0,0,0,0,0,0,148,0,0,0,0,0,0,0,39,0,0,0,0,0,0,1,199
my_register:0,0,0,0,0,0,0,0,8090,149,300,21,0,0,0,59,50,300,21,0,0,0,53,0,300,21,0,0
mu1:0,mu2:0,mu3:0
omega1:300,omega2:300,omega3:300
k1:21,k2:21,k3:21
lambda_register:0,217,209,152
usage:0,0,0,0,0,0,0,0,0,0,0,0,0,0,0,145,0,0,0,0,0,0,0,34,0,0,0,0,0,0,1,301
my_register:0,0,0,0,0,0,0,0,104,149,300,21,0,0,0,30,50,300,21,0,0,0,52,0,300,21,0,0
mu1:0,mu2:0,mu3:0
omega1:300,omega2:300,omega3:300
k1:21,k2:21,k3:21
lambda_register:0,238,340,258
usage:0,0,0,0,0,0,0,0,0,0,0,0,0,0,0,120,0,0,0,0,0,0,65534,12,0,0,0,0,0,0,65535,124
my_register:0,0,0,0,0,0,0,0,42917,149,300,21,0,0,0,2388,50,300,21,0,0,0,38,0,300,21,0,0
mu1:0.0001,mu2:63.9999,mu3:63.9999
omega1:0.0007812506103520394,omega2:499.9996093746948,omega3:499.9996093746948
k1:5.000003906253052e-05,k2:31.999974999980466,k3:31.999974999980466
lambda11:0,lambda22:0,lambda33:0
lambda_register:0,0,251,269
usage:0,0,0,0,0,0,0,0,0,0,0,0,0,0,0,120,0,0,0,0,0,0,65534,263,0,0,0,0,0,0,0,7
my_register:0,0,0,0,0,0,0,0,42917,149,0,1,0,0,0,6416,50,499,32,180,0,0,63,0,499,32,193,0
mu1:0,mu2:0,mu3:0
omega1:300,omega2:300,omega3:300
k1:21,k2:21,k3:21
lambda_register:0,231,0,0
usage:0,0,0,0,0,0,0,0,0,0,0,0,0,0,0,29,0,0,0,0,0,0,0,0,0,0,0,0,0,0,0,0
my_register:0,0,0,0,0,0,0,0,106302,16,300,21,0,0,0,0,0,300,21,0,0,0,0,0,300,21,0,0
mu1:0,mu2:0,mu3:0
omega1:300,omega2:300,omega3:300
k1:21,k2:21,k3:21
lambda_register:0,545,0,0
usage:0,0,0,0,0,0,0,0,0,0,0,0,0,0,0,193,0,0,0,0,0,0,0,0,0,0,0,0,0,0,0,0
my_register:0,0,0,0,0,0,0,0,447978,201,300,21,0,0,0,0,0,300,21,0,0,0,0,0,300,21,0,0
mu1:0,mu2:0,mu3:0
omega1:300,omega2:300,omega3:300
k1:21,k2:21,k3:21
lambda_register:0,340,199,33
usage:0,0,0,0,0,0,0,0,0,0,0,0,0,0,0,216,0,0,0,0,0,0,0,91,0,0,0,0,0,0,0,5
my_register:0,0,0,0,0,0,0,0,395634,248,300,21,0,0,0,398565,89,300,21,0,0,0,11291,0,300,21,0,0
mu1:0,mu2:0,mu3:0
omega1:300,omega2:300,omega3:300
k1:21,k2:21,k3:21
lambda_register:0,276,265,0
usage:0,0,0,0,0,0,0,0,0,0,0,0,0,0,0,289,0,0,0,0,0,0,0,150,0,0,0,0,0,0,0,5
my_register:0,0,0,0,0,0,0,0,459920,317,300,21,0,0,0,465733,144,300,21,0,0,0,11291,0,300,21,0,0
mu1:0,mu2:0,mu3:0
omega1:300,omega2:300,omega3:300
k1:21,k2:21,k3:21
lambda_register:0,241,334,0
usage:0,0,0,0,0,0,0,0,0,0,0,0,0,0,171,301,0,0,0,0,0,0,0,139,0,0,0,0,0,0,0,5
my_register:0,0,0,0,0,0,0,0,1817104,460,300,21,0,0,0,6097,134,300,21,0,0,0,11291,0,300,21,0,0
mu1:0,mu2:0,mu3:0
omega1:300,omega2:300,omega3:300
k1:21,k2:21,k3:21
lambda_register:0,122,411,0
usage:0,0,0,0,0,0,0,0,0,0,0,0,0,0,255,301,0,0,0,0,0,0,0,170,0,0,0,0,0,0,0,5
my_register:0,0,0,0,0,0,0,0,2015103,540,300,21,0,0,0,204696,159,300,21,0,0,0,11291,0,300,21,0,0
mu1:56.992415349099595,mu2:56.0645821880633,mu3:63.49675173508776
omega1:322.804899833737,omega2:317.5496551002732,omega3:359.6454450659898
k1:20.659513589359168,k2:20.323177926417483,k3:23.01730848422335
lambda11:56.37848593848956,lambda22:49.51790717203825,lambda33:62.812765573359016
lambda_register:0,80,629,0
usage:0,0,0,0,0,0,0,0,0,0,0,0,0,25,301,310,0,0,0,0,0,0,140,318,0,0,0,0,0,0,0,5
my_register:0,0,0,0,0,0,0,0,2749,548,322,21,49,56,0,540153,365,317,21,404,49,0,11291,0,359,24,0,62
mu1:28.47253930217679,mu2:35.95349116459815,mu3:63.42247450662972
omega1:222.70529724301207,omega2:281.2194884255962,omega3:496.07521433139175
k1:14.253139023552773,k2:17.998047259238156,k3:31.74881371720907
lambda11:27.245912715904133,lambda22:5.166719188756309,lambda33:60.283470906432065
lambda_register:0,54,627,5
usage:0,0,0,0,0,0,0,0,0,0,0,0,0,44,323,323,0,0,0,0,0,0,247,318,0,0,0,0,0,0,0,5
my_register:0,0,0,0,0,0,0,0,309291,571,222,15,30,27,0,351944,473,281,18,366,5,0,207,0,496,32,2,60
mu1:43.83031962803602,mu2:54.357991772512065,mu3:63.86842466423008
omega1:270.46280637489787,omega2:335.42568542651514,omega3:394.1115081985871
k1:17.30961960799346,k2:21.467243867296965,k3:25.223136524709574
lambda11:9.861234106742447,lambda22:50.28689708766571,lambda33:63.180434834176666
lambda_register:0,60,562,21
usage:0,0,0,0,0,0,0,0,0,0,0,0,0,35,323,323,0,0,0,0,0,157,336,336,0,0,0,0,0,0,0,4
my_register:0,0,0,0,0,0,0,0,560511,563,270,18,32,9,0,77368,609,335,22,301,50,0,34,0,394,26,9,63
mu1:43.959102600612766,mu2:28.53943770728679,mu3:62.34515947310514
omega1:326.00041879602327,omega2:211.6482842997987,omega3:462.35129690417796
k1:20.86402680294549,k2:13.545490195187117,k3:29.590483001867387
lambda11:25.293115036681478,lambda22:19.944783911188452,lambda33:61.67357823055228
lambda_register:0,49,522,0
usage:0,0,0,0,0,0,0,0,0,0,0,0,0,32,323,326,0,0,0,0,0,199,336,336,0,0,0,0,0,0,0,4
my_register:0,0,0,0,0,0,0,0,1948,559,326,21,31,25,0,397315,641,211,14,322,19,0,34,0,462,30,0,61
mu1:49.670744034123416,mu2:29.54980501301195,mu3:63.79586911055613
omega1:347.3079851528368,omega2:206.61827078084144,omega3:446.07374406632175
k1:22.227711049781554,k2:13.223569329973852,k3:28.548719620244594
lambda11:41.576883667344596,lambda22:4.853190051264595,lambda33:63.207032880044075
lambda_register:0,57,548,20
usage:0,0,0,0,0,0,0,0,0,0,0,0,0,32,327,336,0,0,0,0,0,212,336,336,0,0,0,0,0,0,0,4
my_register:0,0,0,0,0,0,0,0,9971,559,347,23,33,41,0,318856,661,206,14,300,4,0,695,0,446,29,8,63
mu1:35.087399341514796,mu2:28.58678427048707,mu3:63.87507309454353
omega1:275.0890146090066,omega2:224.12348773036862,omega3:500.7874976606247
k1:17.605696934976418,k2:14.343903214743593,k3:32.05039985027998
lambda11:6.006936299168877,lambda22:21.49255215493459,lambda33:62.303662640474265
lambda_register:0,48,269,253
usage:0,0,0,0,0,0,0,0,0,0,0,0,0,32,348,348,0,0,0,0,0,150,336,336,0,0,0,0,0,0,65533,97
my_register:0,0,0,0,0,0,0,0,6917,559,275,18,32,6,0,1092,602,224,15,173,21,0,30,0,500,33,183,62
mu1:52.75801138156485,mu2:23.58546457680305,mu3:63.982459288406275
omega1:375.96764481765786,omega2:168.07630417945307,omega3:455.95605100288907
k1:24.0619292683301,k2:10.756883467484997,k3:29.1811872641849
lambda11:51.472476665867866,lambda22:14.682754690958744,lambda33:62.22809652520539
lambda_register:0,61,313,345
usage:0,0,0,0,0,0,0,0,0,0,0,0,0,31,348,355,0,0,0,0,0,149,336,336,0,0,0,0,0,0,65533,442
my_register:0,0,0,0,0,0,0,0,39,559,375,25,40,51,0,3862,604,168,11,207,14,0,35,0,455,30,217,62
mu1:63.80907421011915,mu2:22.86590316243367,mu3:46.562760054444055
omega1:478.9114213612429,omega2:171.61731806622933,omega3:349.47126057252774
k1:30.650330967119544,k2:10.983508356238676,k3:22.366160676641773
lambda11:59.575000570493465,lambda22:17.65559915078124,lambda33:27.55263836208358
lambda_register:0,38,298,290
usage:0,0,0,0,0,0,0,0,0,0,0,0,0,31,361,380,0,0,0,0,0,149,336,336,0,0,0,0,0,0,0,4
my_register:0,0,0,0,0,0,0,0,5631,559,478,31,26,59,0,10797,601,171,11,205,17,0,36,1,349,23,198,27
mu1:63.30241923609935,mu2:31.759997402613607,mu3:47.7058404719268
omega1:443.3928137614125,omega2:222.45839548213345,omega3:334.1487907564541
k1:28.3771400807304,k2:14.23733731085654,k3:21.385522608413062
lambda11:62.207620367155315,lambda22:24.613314525858495,lambda33:2.2596321556967682
lambda_register:0,35,272,235
usage:0,0,0,0,0,0,0,0,0,0,0,0,0,31,361,415,0,0,0,0,0,142,336,336,0,0,0,0,0,0,0,1
my_register:0,0,0,0,0,0,0,0,35,559,443,29,26,62,0,4313,601,222,15,194,24,0,42,0,334,22,167,2
mu1:63.43448605671329,mu2:57.32941213280959,mu3:50.43045355143649
omega1:370.54076499380307,omega2:334.87910991103774,omega3:294.58012509515913
k1:23.714608959603396,k2:21.432263034306413,k3:18.853128006090188
lambda11:62.75117060448845,lambda22:5.128171845226596,lambda33:17.29443412756593
lambda_register:0,35,282,270
usage:0,0,0,0,0,0,0,0,0,0,0,0,0,31,367,444,0,0,0,0,0,136,336,336,0,0,0,0,0,0,0,3
my_register:0,0,0,0,0,0,0,0,38,559,370,24,23,62,0,32,601,334,22,196,5,0,35,0,294,19,173,17
mu1:61.47113969079749,mu2:15.427625767732223,mu3:62.704013152146615
omega1:440.32891252277983,omega2:110.51087894716426,omega3:449.16020853005597
k1:28.18105040145791,k2:7.072696252618512,k3:28.74625334592358
lambda11:57.4962593470538,lambda22:2.190340065335203,lambda33:52.71534671877836
lambda_register:0,39,267,290
usage:0,0,0,0,0,0,0,0,0,0,0,0,0,31,377,444,0,0,0,0,0,136,336,336,0,0,0,0,0,0,1,131
my_register:0,0,0,0,0,0,0,0,41,559,440,29,26,57,0,2855,605,110,8,165,2,0,29,0,449,29,188,52
mu1:28.153092663846348,mu2:27.49368093977207,mu3:63.55797162343543
omega1:236.174261437513,omega2:230.6425041000155,omega3:533.1832344624714
k1:15.115152732000833,k2:14.761120262400992,k3:34.12372700559818
lambda11:16.239636498661525,lambda22:19.28680283068148,lambda33:63.08695722478888
lambda_register:0,39,287,265
usage:0,0,0,0,0,0,0,0,0,0,0,0,0,31,409,444,0,0,0,0,0,133,336,336,0,0,0,0,0,0,1,396
my_register:0,0,0,0,0,0,0,0,36,559,236,16,25,16,0,1003,602,230,15,187,19,0,71,0,533,35,179,63
mu1:63.11426402398208,mu2:16.918941598192788,mu3:33.28271280221325
omega1:556.9761504081714,omega2:149.30772157560747,omega3:293.7161280162211
k1:35.64647362612297,k2:9.555694180838877,k3:18.79783219303815
lambda11:50.269773521107716,lambda22:9.836266787145565,lambda33:14.605296312945521
lambda_register:0,34,264,274
usage:0,0,0,0,0,0,0,0,0,0,0,0,0,31,409,453,0,0,0,0,0,132,336,336,0,0,0,0,0,0,5,65535
my_register:0,0,0,0,0,0,0,0,37,559,556,36,24,50,0,32,601,149,10,184,9,0,14196,4,293,19,202,14
mu1:63.974471516107855,mu2:34.769533413424064,mu3:33.40459119431609
omega1:484.11011083425956,omega2:263.109366525835,omega3:252.78052263990554
k1:30.98304709339261,k2:16.838999457653443,k3:16.177953448953954
lambda11:58.90494101654412,lambda22:11.409257742838932,lambda33:18.327133021011853
lambda_register:0,27,277,236
usage:0,0,0,0,0,0,0,0,0,0,0,0,0,31,409,480,0,0,0,0,0,132,336,336,0,0,0,0,0,0,1,65535
my_register:0,0,0,0,0,0,0,0,40,559,484,31,16,58,0,32,601,263,17,184,11,0,35,0,252,17,150,18
mu1:21.709190549640446,mu2:19.572054867999906,mu3:63.08351503750765
omega1:208.01265154026996,omega2:187.53509118062152,omega3:604.4522572791086
k1:13.312809698577277,k2:12.002245835559778,k3:38.68494446586295
lambda11:14.006958327086641,lambda22:9.38356427885834,lambda33:60.0159270259127
lambda_register:0,31,267,244
usage:0,0,0,0,0,0,0,0,0,0,0,0,0,31,432,485,0,0,0,0,0,132,336,336,0,0,0,0,0,0,1,65535
my_register:0,0,0,0,0,0,0,0,42,559,208,14,22,14,0,35,601,187,13,216,9,0,40,0,604,39,170,60
mu1:63.22707142215976,mu2:41.0336745306137,mu3:29.50069973085662
omega1:472.6853174995071,omega2:306.7675765681072,omega3:220.5471059323857
k1:30.251860319968454,k2:19.633124900358858,k3:14.115014779672684
lambda11:62.545990240837234,lambda22:0.6933478626500016,lambda33:28.529694350808015
lambda_register:0,40,301,355
usage:0,0,0,0,0,0,0,0,0,0,0,0,0,31,433,485,0,0,0,0,0,133,336,336,0,0,0,0,0,0,0,1
my_register:0,0,0,0,0,0,0,0,38,559,472,31,33,62,0,36,601,306,20,248,0,0,44,0,220,15,303,28
mu1:17.1192580867934,mu2:40.23783612840101,mu3:63.85941530131502
omega1:141.22876623882487,omega2:331.95013029904726,omega3:526.8211034621279
k1:9.038641039284792,k2:21.244808339139023,k3:33.71655062157618
lambda11:6.312288092381879,lambda22:35.201201806325095,lambda33:59.62496737549211
lambda_register:0,17,144,603
usage:0,0,0,0,0,0,0,0,0,0,0,0,0,31,450,485,0,0,0,0,0,133,336,336,0,0,0,0,0,0,65535,220
my_register:0,0,0,0,0,0,0,0,917,559,141,10,10,6,0,42,601,331,22,91,35,0,31,0,526,34,502,59
